wl,flux,fluxerr
3465.6528338973476,3.2479339e-17,3.8403015e-16
3467.1150926992505,-5.4927953e-17,3.8997729e-16
3468.5773515011533,-5.4905543e-17,3.9482207000000005e-16
3470.0396103030557,-3.8893196000000003e-16,3.8813922e-16
3471.5018691049586,-6.735067600000001e-16,3.8593513000000005e-16
3472.9641279068614,9.9848025e-17,3.9508895e-16
3474.4263867087643,3.6073489000000005e-16,3.9341472000000005e-16
3475.8886455106667,7.8244821e-17,3.8642786000000004e-16
3477.3509043125696,3.3006336e-16,3.9895486e-16
3478.8131631144724,6.502187500000001e-16,4.0636689000000005e-16
3480.275421916375,5.316774500000001e-16,3.9834875000000003e-16
3481.7376807182777,2.4308017e-16,3.8831097e-16
3483.1999395201806,1.6300895e-16,3.9585049e-16
3484.6621983220834,-1.1261475e-16,3.8789711000000003e-16
3486.124457123986,3.3175626e-16,3.9226993e-16
3487.5867159258887,5.6832867000000005e-16,3.9512280000000004e-16
3489.0489747277916,1.6054407000000002e-16,3.9293554000000004e-16
3490.511233529694,-4.1985411000000006e-16,3.9128611000000005e-16
3491.973492331597,6.2613602e-17,4.0061134e-16
3493.4357511334993,4.2095195e-17,3.9827334000000005e-16
3494.8980099354026,2.157679e-17,3.9943051e-16
3496.360268737305,1.0583847999999998e-18,3.0496646000000005e-16
3497.822527539208,-1.9460021e-17,7.861033300000001e-16
3499.2847863411102,-3.9978426e-17,1.3546271e-15
3500.7470451430136,-6.0496827e-17,1.0972443e-15
3502.209303944916,-8.1015234e-17,2.8895864e-16
3503.6715627468184,-1.0153363000000001e-16,4.0864485000000003e-16
3505.1338215487212,-1.2205205e-16,3.8658854000000005e-16
3506.596080350624,-1.2205205e-16,3.8928898000000005e-16
3508.058339152527,4.0297423000000005e-16,4.0092026e-16
3509.5205979544294,1.7396745e-16,3.9789151e-16
3510.9828567563322,-2.1290971000000002e-16,3.8839373000000005e-16
3512.445115558235,-1.5244179000000002e-16,3.8860328000000004e-16
3513.907374360138,-1.4323577e-16,3.8974011000000003e-16
3515.3696331620404,-4.2431147e-16,3.8338654000000004e-16
3516.8318919639432,6.1599062e-17,3.8567093000000004e-16
3518.294150765846,2.0069182e-16,3.9111521000000006e-16
3519.7564095677485,-1.8675482000000002e-17,3.8395987000000005e-16
3521.2186683696514,2.6260343000000004e-16,3.9489047000000006e-16
3522.6809271715542,7.010666700000001e-16,4.0656657000000004e-16
3524.143185973457,6.9865607e-16,4.0368792000000004e-16
3525.6054447753595,9.0053625e-17,3.8723070000000005e-16
3527.067703577262,-2.9386651e-16,3.8818844000000004e-16
3528.529962379165,-1.8519792e-16,3.8166565000000004e-16
3529.9922211810676,-2.2185704e-16,3.8581803000000004e-16
3531.4544799829705,-3.9840118e-16,3.9238574000000003e-16
3532.916738784873,-3.2547638000000003e-16,3.8904243e-16
3534.378997586776,-2.4892832000000004e-16,3.8553400000000004e-16
3535.8412563886786,-6.182195700000001e-17,3.8447666000000005e-16
3537.3035151905815,-1.8565787e-16,3.7791334000000005e-16
3538.765773992484,-5.6552086e-16,3.8167395000000003e-16
3540.2280327943868,-6.483054700000001e-16,3.7832686000000005e-16
3541.6902915962896,-2.7130124e-16,3.7315348e-16
3543.152550398192,1.418586e-16,3.7279436000000004e-16
3544.6148092000954,5.0809063e-17,3.6650112000000003e-16
3546.0770680019978,7.2564902e-17,3.7227288e-16
3547.5393268039006,3.1161257000000003e-16,3.7670387000000003e-16
3549.001585605803,8.4248643e-17,3.5749611000000005e-16
3550.4638444077063,1.4236570000000002e-16,3.5291635000000004e-16
3551.9261032096088,-9.1057696e-17,3.4957577e-16
3553.388362011511,-4.2828511000000005e-16,3.4676473e-16
3554.850620813414,-4.768799200000001e-16,3.5184834000000004e-16
3556.312879615317,-2.2598564e-16,3.5580314e-16
3557.7751384172198,-1.0798116000000001e-16,3.5388395e-16
3559.237397219122,1.6687812e-16,3.522551e-16
3560.699656021025,-2.6749293e-16,3.4403978e-16
3562.161914822928,-2.0476853000000002e-16,3.3510801000000005e-16
3563.6241736248303,2.9837072e-16,3.3885279e-16
3565.086432426733,6.128515800000001e-16,3.4666303000000004e-16
3566.5486912286356,3.1532175e-17,3.3985699e-16
3568.010950030539,-5.7578884e-17,3.3066063e-16
3569.4732088324413,-1.9805814e-17,3.3480406000000005e-16
3570.935467634344,-4.1547953000000003e-16,3.2988739000000005e-16
3572.3977264362466,2.0810971e-18,3.2264663000000004e-16
3573.85998523815,3.6181113000000005e-16,3.2499987000000003e-16
3575.3222440400523,4.5233803e-17,3.2185237e-16
3576.7845028419547,-1.1992885000000002e-16,3.1523994000000003e-16
3578.246761643858,-2.4008053e-16,3.1499101000000003e-16
3579.7090204457604,1.4726156000000002e-16,3.1627166e-16
3581.1712792476633,4.4039072000000006e-16,3.1604839e-16
3582.6335380495657,3.1481155000000005e-16,3.1486714000000005e-16
3584.095796851469,2.3095383000000004e-16,3.0703171e-16
3585.5580556533714,7.4870182e-17,2.9670118e-16
3587.0203144552743,2.9828614999999997e-18,3.0014778e-16
3588.4825732571767,3.8864492e-17,3.0114948e-16
3589.9448320590795,2.0196974000000003e-16,3.0135744000000005e-16
3591.4070908609824,5.180441900000001e-16,3.0460319000000003e-16
3592.869349662885,5.0331317e-16,3.0200113e-16
3594.3316084647877,-8.3622653e-17,2.9296755e-16
3595.7938672666905,-2.7006296e-16,2.9258086e-16
3597.2561260685934,-1.5606331e-16,2.9423542e-16
3598.718384870496,1.0166394000000001e-16,2.9134206000000004e-16
3600.180643672398,-2.5815514000000002e-17,2.8564183e-16
3601.6429024743015,1.4508348e-17,2.8244666000000004e-16
3603.105161276204,1.52346e-16,2.7907594000000003e-16
3604.567420078107,2.6049543000000003e-16,2.8177624e-16
3606.0296788800097,2.4277878000000004e-16,2.8366301e-16
3607.4919376819125,-3.9833911e-17,2.7906952e-16
3608.954196483815,2.1167712000000002e-16,2.763581e-16
3610.416455285718,4.6080740000000004e-17,2.7554178e-16
3611.8787140876207,4.1812911e-17,2.7113478e-16
3613.340972889523,7.482532200000001e-17,2.7216129000000003e-16
3614.803231691426,2.5808692e-17,2.7334274e-16
3616.2654904933283,-5.047538700000001e-16,2.6554225e-16
3617.7277492952317,-4.679992000000001e-16,2.6433716000000004e-16
3619.190008097134,-9.726975e-17,2.6013165e-16
3620.652266899037,-1.405714e-17,2.5859988e-16
3622.1145257009393,-2.2979062e-16,2.5801609e-16
3623.5767845028427,-7.0064977e-17,2.5623575e-16
3625.039043304745,2.7398954000000002e-16,2.5682425e-16
3626.5013021066475,1.9654136e-16,2.5710110000000003e-16
3627.9635609085503,-1.9651824e-17,2.5623373000000004e-16
3629.425819710453,3.7496793000000003e-16,2.6118143e-16
3630.888078512356,2.3634864000000003e-16,2.5609367e-16
3632.3503373142585,-1.4568695e-17,2.4422313000000003e-16
3633.8125961161613,-1.2954671e-16,2.4399701e-16
3635.274854918064,9.7190599e-17,2.4590459e-16
3636.7371137199666,1.4956209e-16,2.4135034e-16
3638.1993725218695,-1.9471079000000002e-16,2.3548220000000003e-16
3639.6616313237723,-3.5136308000000004e-16,2.3950268e-16
3641.123890125675,-2.7809158e-16,2.4038969e-16
3642.5861489275776,2.3162021e-18,2.3594339000000002e-16
3644.0484077294805,3.1748807e-17,2.3048896e-16
3645.5106665313833,-6.2987832e-17,2.2765312000000004e-16
3646.972925333286,-5.461992e-17,2.2487107e-16
3648.4351841351886,-6.470574e-17,2.2327101000000004e-16
3649.897442937091,-1.6362911000000002e-16,2.2100336000000003e-16
3651.3597017389943,-7.9833543e-17,2.1781997000000001e-16
3652.8219605408967,9.1183353e-18,2.1282864000000002e-16
3654.2842193427996,-6.8827058e-17,2.1137746e-16
3655.746478144702,-3.7786607e-18,2.1177407000000002e-16
3657.2087369466053,-1.4130312e-16,2.1148163000000001e-16
3658.6709957485077,-1.9258714e-16,2.1070208000000002e-16
3660.1332545504106,-5.8308848e-17,2.0655786000000001e-16
3661.595513352313,2.6673835e-16,2.0831076000000001e-16
3663.057772154216,2.0601678e-16,2.0849237000000003e-16
3664.5200309561187,-1.3380716000000002e-16,2.0243505000000002e-16
3665.982289758021,-3.9439935e-17,2.0204587000000003e-16
3667.4445485599244,-1.3281242000000002e-16,2.0287951000000002e-16
3668.906807361827,-2.4479197e-16,2.0094126e-16
3670.3690661637297,-4.434063e-17,1.9670824000000002e-16
3671.831324965632,1.0954693000000001e-16,1.9664690000000002e-16
3673.293583767535,1.7056349000000002e-16,1.9948448000000002e-16
3674.755842569438,9.8057027e-17,1.9725154000000002e-16
3676.2181013713403,3.4963972e-17,1.9416706000000002e-16
3677.680360173243,2.4936303e-16,1.9449153000000003e-16
3679.142618975146,3.7084564000000005e-16,1.9537769000000003e-16
3680.604877777049,2.8818380000000004e-16,1.9725015000000002e-16
3682.0671365789512,6.8773292e-17,1.9179589e-16
3683.529395380854,3.5518841e-19,1.8438219000000003e-16
3684.991654182757,1.4624995000000002e-16,1.8842869000000003e-16
3686.4539129846594,2.4882511000000003e-16,1.8926394000000002e-16
3687.9161717865622,1.7627838000000002e-16,1.8292450000000003e-16
3689.3784305884647,5.692481e-17,1.7940229000000002e-16
3690.840689390368,-4.7217974e-17,1.7826242000000002e-16
3692.3029481922704,7.7054978e-17,1.8122224e-16
3693.7652069941732,-5.711516e-17,1.8316002000000002e-16
3695.2274657960756,-3.6982041000000004e-16,1.8152545000000002e-16
3696.689724597979,-2.2711404e-16,1.7749702000000002e-16
3698.1519833998814,3.8362678e-17,1.7500579000000003e-16
3699.614242201784,9.7798007e-17,1.7320551e-16
3701.076501003687,-3.6768847e-17,1.7049733000000002e-16
3702.5387598055895,-4.0596188e-17,1.6983657000000002e-16
3704.0010186074924,1.6440073e-16,1.7182151000000002e-16
3705.463277409395,2.7388927000000003e-16,1.7395754000000002e-16
3706.925536211298,8.9331747e-17,1.7029784000000002e-16
3708.3877950132005,9.9678586e-17,1.6993008000000002e-16
3709.850053815103,1.9906611e-16,1.6999122e-16
3711.312312617006,2.1089948000000003e-16,1.6909641e-16
3712.7745714189086,6.5742932e-17,1.6688918e-16
3714.2368302208115,3.1773936e-17,1.6445065000000002e-16
3715.699089022714,-2.2581106e-17,1.6260213e-16
3717.1613478246168,-1.1043327e-16,1.6275845000000001e-16
3718.6236066265196,-2.0884030000000003e-16,1.6323638e-16
3720.0858654284225,-2.913611e-16,1.6367846e-16
3721.548124230325,-2.9546905e-16,1.6262080000000002e-16
3723.0103830322273,-9.9359062e-17,1.6077552000000001e-16
3724.4726418341306,1.1266134000000001e-17,1.5997623e-16
3725.934900636033,-7.7259794e-17,1.601424e-16
3727.397159437936,-1.6489347000000002e-16,1.5830312e-16
3728.8594182398388,-1.3776976e-16,1.6036883000000002e-16
3730.3216770417416,8.558413e-17,1.6137779000000002e-16
3731.783935843644,1.4660793e-16,1.5616573e-16
3733.246194645547,-3.3101889e-17,1.5111575e-16
3734.7084534474498,-1.3608732e-18,1.4854150000000002e-16
3736.170712249352,8.1676396e-17,1.4876544e-16
3737.632971051255,2.5563118e-16,1.5141602e-16
3739.0952298531574,2.3983584000000003e-16,1.5122463000000002e-16
3740.5574886550608,-2.0736437e-17,1.488465e-16
3742.019747456963,-2.2324909e-16,1.4845456000000002e-16
3743.482006258866,-1.7276179000000002e-16,1.460397e-16
3744.9442650607684,-1.3020237000000002e-16,1.4058011000000001e-16
3746.4065238626713,-1.5366349e-17,1.3943e-16
3747.868782664574,1.6657598000000002e-16,1.4181383e-16
3749.3310414664766,1.1154913000000002e-16,1.4182207e-16
3750.7933002683794,5.4138468e-17,1.4211248e-16
3752.2555590702823,2.6971549000000005e-16,1.4384863e-16
3753.717817872185,1.4471199e-16,1.4128493e-16
3755.1800766740876,-9.0385688e-17,1.391237e-16
3756.6423354759904,2.6913306e-17,1.3833096000000002e-16
3758.1045942778933,1.3982903e-17,1.3760543000000002e-16
3759.5668530797957,-1.0070656e-16,1.3704432000000002e-16
3761.0291118816986,-5.9404876e-17,1.3532927e-16
3762.4913706836014,-5.1558078e-17,1.3483465000000001e-16
3763.9536294855043,-5.7308271e-17,1.3453733e-16
3765.4158882874067,-5.485435e-17,1.3224614e-16
3766.8781470893096,-9.8532332e-17,1.3209248000000001e-16
3768.3404058912124,-1.6946374000000001e-16,1.3078768e-16
3769.8026646931153,-1.5930453000000002e-16,1.2755455000000002e-16
3771.2649234950177,-1.1405468e-17,1.2928178e-16
3772.72718229692,1.8942025e-18,1.3047191e-16
3774.1894410988234,-1.8436694e-16,1.2802504e-16
3775.651699900726,2.760192e-17,1.2913727000000001e-16
3777.1139587026287,3.5171090000000003e-16,1.3191760000000002e-16
3778.576217504531,1.3922229e-16,1.2715726e-16
3780.0384763064344,1.7824402e-17,1.2324741e-16
3781.500735108337,-6.1719942e-17,1.2305863000000002e-16
3782.962993910239,-5.6438824e-17,1.2452867000000002e-16
3784.425252712142,1.2725008e-16,1.2354372e-16
3785.887511514045,-4.4823816e-17,1.2063135e-16
3787.349770315948,-9.595213e-17,1.1945834e-16
3788.81202911785,1.5245989e-17,1.1951590000000002e-16
3790.2742879197535,1.4791817e-16,1.2153341e-16
3791.736546721656,1.5049318000000002e-16,1.2138809e-16
3793.198805523559,2.153441e-19,1.1846937000000002e-16
3794.661064325461,5.377207e-17,1.1807241e-16
3796.123323127364,6.7788477e-17,1.1817328e-16
3797.585581929267,1.3802784000000002e-16,1.1744536000000001e-16
3799.0478407311693,1.4050868e-16,1.1443649e-16
3800.510099533072,2.5787931e-17,1.1149762000000002e-16
3801.972358334975,-9.6098184e-17,1.1200137000000002e-16
3803.434617136878,-1.5206822000000002e-16,1.1210406000000002e-16
3804.8968759387803,1.9628854999999999e-19,1.1265167e-16
3806.359134740683,1.6538089000000002e-16,1.1339419000000001e-16
3807.821393542586,7.9075674e-17,1.1111702000000001e-16
3809.2836523444885,6.746821200000001e-17,1.1197332000000002e-16
3810.7459111463913,2.9302049e-17,1.1282162e-16
3812.2081699482937,-1.0223202e-16,1.1076703000000002e-16
3813.670428750197,5.179355e-17,1.1119454e-16
3815.1326875520995,1.6593316000000001e-16,1.1125253000000002e-16
3816.5949463540023,6.6714399e-17,1.0884067000000001e-16
3818.0572051559047,9.3119666e-17,1.0837329000000001e-16
3819.5194639578076,2.4582209000000004e-16,1.1039675000000001e-16
3820.9817227597105,6.3979634e-17,1.0859502000000001e-16
3822.443981561613,-1.4435151000000002e-16,1.0609258e-16
3823.906240363516,3.0383441999999996e-18,1.0594072000000001e-16
3825.3684991654186,1.2701481000000001e-16,1.0556257000000001e-16
3826.8307579673215,3.6513115e-17,1.0441869e-16
3828.293016769224,-2.1980376e-17,1.0187554e-16
3829.755275571127,-5.4739537e-17,1.0129281000000001e-16
3831.2175343730296,-1.0302977000000001e-16,1.0146922e-16
3832.679793174932,-3.0544848e-17,9.8958659e-17
3834.142051976835,3.4895306e-17,9.637443e-17
3835.6043107787377,5.2142491999999996e-18,9.6621509e-17
3837.0665695806406,5.8335846e-18,9.6504226e-17
3838.528828382543,1.8221874e-17,9.7726004e-17
3839.991087184446,6.7409675e-17,9.8577717e-17
3841.4533459863487,9.473237700000001e-17,9.7348201e-17
3842.9156047882516,2.473496e-17,9.699879000000001e-17
3844.377863590154,1.8127116e-17,9.7370556e-17
3845.8401223920564,3.5369072e-17,9.7076674e-17
3847.3023811939597,1.1806807000000002e-16,9.6516201e-17
3848.764639995862,1.7665274000000002e-16,9.7281217e-17
3850.226898797765,3.0270595e-17,9.5474609e-17
3851.689157599668,-1.4727869e-18,9.2294844e-17
3853.1514164015707,9.3127004e-17,9.2751864e-17
3854.613675203473,6.0559825e-17,9.3001935e-17
3856.0759340053755,1.419631e-17,9.342172500000001e-17
3857.538192807279,1.2232159000000002e-16,9.4389844e-17
3859.0004516091813,2.1030871000000002e-16,9.3468027e-17
3860.462710411084,1.4004736e-16,9.1478986e-17
3861.9249692129865,8.0609843e-17,8.966596300000001e-17
3863.38722801489,5.6506501e-17,8.867509400000001e-17
3864.8494868167923,-6.840132299999999e-18,8.8430576e-17
3866.311745618695,-1.9259547000000002e-17,8.8060231e-17
3867.7740044205975,-1.7048844e-18,8.7336598e-17
3869.2362632225004,-4.0213256999999995e-18,8.6654027e-17
3870.6985220244032,2.7096763e-17,8.7231276e-17
3872.1607808263057,9.6129538e-17,8.7781863e-17
3873.6230396282085,7.094834e-17,8.5722805e-17
3875.0852984301114,8.1131866e-17,8.6569628e-17
3876.5475572320142,1.8011204e-16,9.0150206e-17
3878.0098160339166,1.7502369e-16,8.9680282e-17
3879.4720748358195,1.9796918000000001e-16,8.8547003e-17
3880.9343336377224,1.9697254e-16,8.8595055e-17
3882.396592439625,9.5931292e-17,8.646003800000001e-17
3883.8588512415276,8.8843102e-17,8.6022754e-17
3885.3211100434305,1.2229887000000002e-16,8.7856647e-17
3886.7833688453334,2.1689e-16,9.002316200000001e-17
3888.245627647236,1.7568973000000003e-16,8.7842033e-17
3889.7078864491386,2.4910408000000002e-17,8.4434935e-17
3891.1701452510415,-1.3215727e-17,8.4867049e-17
3892.632404052944,1.51464e-17,8.4908417e-17
3894.094662854847,1.5809838000000002e-16,8.6066754e-17
3895.556921656749,1.1617580000000001e-16,8.4897016e-17
3897.0191804586525,-1.3857836e-18,8.318469e-17
3898.481439260555,8.2218312e-17,8.437127e-17
3899.9436980624578,1.5493107000000001e-16,8.4101912e-17
3901.40595686436,2.0942115000000002e-16,8.3687827e-17
3902.8682156662635,1.8060988e-16,8.2069125e-17
3904.330474468166,9.395732200000001e-17,8.0694009e-17
3905.7927332700683,2.1316405e-17,7.9959439e-17
3907.254992071971,2.5506109e-17,7.8794282e-17
3908.717250873874,1.3497882000000002e-16,8.0536447e-17
3910.179509675777,1.9239345000000003e-16,8.217924e-17
3911.6417684776793,1.2889385e-16,7.9902521e-17
3913.1040272795826,5.4053973e-17,7.6363544e-17
3914.566286081485,8.275772e-17,7.6033007e-17
3916.028544883388,1.1927497e-16,7.7805756e-17
3917.4908036852903,1.7249486e-16,7.9803232e-17
3918.953062487193,2.2608823e-16,8.0038989e-17
3920.415321289096,2.1522333000000002e-16,7.9475105e-17
3921.8775800909984,2.6213645e-16,8.2082225e-17
3923.3398388929013,2.753963e-16,8.2781291e-17
3924.802097694804,1.0527087000000001e-16,7.8644155e-17
3926.264356496707,1.1637364000000002e-16,7.754982e-17
3927.7266152986094,2.0505254e-16,7.8544836e-17
3929.188874100512,1.5726380000000002e-16,7.7756533e-17
3930.651132902415,1.5459288000000001e-16,7.7152784e-17
3932.1133917043176,1.7948950000000002e-16,7.6424444e-17
3933.5756505062204,1.4309346000000002e-16,7.5481001e-17
3935.037909308123,6.4388665e-17,7.4071481e-17
3936.500168110026,1.0240275000000001e-16,7.4372404e-17
3937.9624269119286,1.1329766000000001e-16,7.4346176e-17
3939.4246857138314,9.0489443e-17,7.3186392e-17
3940.8869445157343,1.4811271e-16,7.400554500000001e-17
3942.3492033176367,9.448181400000001e-17,7.2340279e-17
3943.8114621195396,9.1388257e-17,7.0776239e-17
3945.273720921442,1.6556127000000002e-16,7.240406100000001e-17
3946.7359797233453,6.3535028e-17,7.0305356e-17
3948.1982385252477,2.1809426e-17,6.8359044e-17
3949.6604973271506,1.0795731000000001e-16,7.0412643e-17
3951.122756129053,1.8605578e-16,7.2441724e-17
3952.5850149309563,1.460872e-16,7.1552142e-17
3954.0472737328587,9.121902300000001e-17,6.9844489e-17
3955.509532534761,1.7772836e-16,7.124724e-17
3956.971791336664,2.1550637000000001e-16,7.2831379e-17
3958.434050138567,1.6393734000000002e-16,7.190861300000001e-17
3959.8963089404697,1.3075081e-16,7.0822019e-17
3961.358567742372,1.3461798e-16,7.0581952e-17
3962.820826544275,1.2190162e-16,6.9403605e-17
3964.283085346178,1.5357284e-16,6.8443156e-17
3965.74534414808,1.4819150000000002e-16,6.7696178e-17
3967.207602949983,8.5120174e-17,6.7610083e-17
3968.6698617518855,8.6055272e-17,6.7946093e-17
3970.132120553789,1.0218246e-16,6.7163191e-17
3971.594379355691,1.5715778e-16,6.76213e-17
3973.056638157594,1.470024e-16,6.808145e-17
3974.518896959497,5.603256e-17,6.6863383e-17
3975.9811557614,6.3717226e-17,6.580082e-17
3977.443414563302,1.6943737e-16,6.6704567e-17
3978.9056733652046,2.5785861e-16,6.8803062e-17
3980.367932167108,2.2363764e-16,6.8460158e-17
3981.8301909690103,1.7710224000000002e-16,6.7600616e-17
3983.292449770913,2.2698744000000003e-16,6.8612569e-17
3984.7547085728156,1.6201784e-16,6.7651269e-17
3986.216967374719,4.3473817e-17,6.6089962e-17
3987.6792261766213,9.9992597e-17,6.749987e-17
3989.141484978524,1.7596403000000002e-16,6.8230853e-17
3990.6037437804266,2.1281026000000003e-16,6.7886365e-17
3992.0660025823295,1.8412614000000003e-16,6.7707866e-17
3993.5282613842323,1.4939248999999999e-18,6.6007125e-17
3994.9905201861347,-3.0854681999999997e-19,6.4700331e-17
3996.4527789880376,1.201314e-16,6.5181506e-17
3997.9150377899405,1.7560714e-16,6.719982500000001e-17
3999.3772965918433,2.0304967000000003e-16,6.7588696e-17
4000.8395553937457,1.4778757e-16,6.622597e-17
4002.3018141956486,1.7079783e-16,6.6760816e-17
4003.7640729975515,1.0487123e-16,6.5988628e-17
4005.226331799454,4.8764521000000003e-17,6.4681056e-17
4006.6885906013567,1.3665539e-16,6.5200275e-17
4008.1508494032596,1.2521434e-16,6.4049006e-17
4009.6131082051625,1.3498927e-16,6.363476900000001e-17
4011.075367007065,1.6434456000000002e-16,6.2651318e-17
4012.5376258089677,8.1069199e-17,6.0755775e-17
4013.9998846108706,-8.0956382e-18,6.0705186e-17
4015.462143412773,2.6934402e-17,6.1557206e-17
4016.924402214676,3.1921016e-17,6.1183881e-17
4018.3866610165783,8.7802236e-18,6.0814493e-17
4019.8489198184816,4.6095609e-17,6.2452437e-17
4021.311178620384,1.1352247e-17,6.5174615e-17
4022.773437422287,-6.81439e-17,6.6634693e-17
4024.2356962241893,-2.5993274e-17,6.7521691e-17
4025.6979550260926,8.8745845e-17,6.8436239e-17
4027.160213827995,1.965573e-17,6.7488537e-17
4028.6224726298974,-2.3003110000000002e-17,6.4088513e-17
4030.0847314318003,1.3648005e-17,6.0450315e-17
4031.546990233703,8.4727773e-17,6.0536901e-17
4033.009249035606,1.6737315000000002e-16,6.1509585e-17
4034.4715078375084,1.3491545e-16,5.9964061e-17
4035.9337666394117,6.3248857e-17,5.848818300000001e-17
4037.396025441314,4.7595976e-17,5.8140941e-17
4038.8582842432165,5.6821286e-17,5.7152048e-17
4040.3205430451194,1.1299506000000001e-16,5.8234326e-17
4041.7828018470223,1.8102973e-16,6.0199319e-17
4043.245060648925,9.9948935e-17,5.8716571e-17
4044.7073194508275,2.7926749000000003e-17,5.7387044e-17
4046.1695782527304,1.1433818e-16,5.9029251e-17
4047.6318370546333,1.5566077e-16,5.9532183e-17
4049.094095856536,5.854396600000001e-17,5.7519223e-17
4050.5563546584385,3.9647346e-17,5.7223881e-17
4052.018613460341,1.3778603000000002e-16,5.8438436e-17
4053.4808722622442,1.7027883000000002e-16,5.8787607e-17
4054.9431310641467,1.8021513e-16,5.9458614e-17
4056.4053898660495,5.1040518e-17,5.7932327e-17
4057.867648667952,-3.9737724e-17,5.6169567e-17
4059.3299074698552,-2.7336418e-17,5.6533032e-17
4060.7921662717577,-2.0991308999999997e-18,5.6884027e-17
4062.2544250736605,4.2960535e-17,5.5985786e-17
4063.7166838755634,1.2267081e-16,5.6449235e-17
4065.178942677466,1.4889443e-16,5.7032221e-17
4066.6412014793686,6.3662136e-17,5.5556389e-17
4068.103460281271,4.4291684e-17,5.4885074e-17
4069.5657190831744,5.9753972e-17,5.3792568e-17
4071.027977885077,1.8053123e-17,5.3482338000000004e-17
4072.4902366869796,5.3981942e-17,5.4613195e-17
4073.952495488882,1.324029e-16,5.5229787000000003e-17
4075.414754290785,1.4997511000000002e-16,5.494575e-17
4076.877013092688,1.2182388000000002e-16,5.4401811e-17
4078.3392718945906,1.1440803e-16,5.4310381e-17
4079.8015306964926,4.8687785e-17,5.2909601e-17
4081.263789498396,4.8417925000000003e-17,5.1983732e-17
4082.7260483002988,9.3214348e-17,5.3115e-17
4084.1883071022016,1.4389773000000002e-16,5.4543736e-17
4085.6505659041036,1.5298671000000002e-16,5.5038634e-17
4087.112824706007,1.0891226e-16,5.3937839e-17
4088.5750835079098,6.110268e-17,5.2537323e-17
4090.0373423098117,3.6891494e-17,5.2368444e-17
4091.4996011117146,6.4314305e-17,5.2526187e-17
4092.961859913618,5.9644315e-17,5.2314396e-17
4094.4241187155208,9.1637199e-17,5.2800439e-17
4095.8863775174227,1.4045944000000002e-16,5.3157852e-17
4097.348636319326,1.2744891e-16,5.2530365e-17
4098.810895121229,7.7352154e-17,5.1245057e-17
4100.273153923131,8.675825e-17,5.1679028e-17
4101.735412725034,8.5853003e-17,5.1845581e-17
4103.197671526937,8.4732769e-17,5.1289314e-17
4104.659930328839,7.5564855e-17,5.1674144e-17
4106.122189130742,1.2394296e-16,5.2765254e-17
4107.584447932645,1.7386394e-16,5.2881674e-17
4109.046706734548,1.0854630000000001e-16,5.1461978e-17
4110.508965536451,6.5422429e-17,5.076996e-17
4111.971224338353,5.8156654e-17,5.0963613e-17
4113.433483140256,4.6094894e-17,5.1633538e-17
4114.895741942159,8.3050244e-17,5.2008783e-17
4116.3580007440605,4.4718506e-17,5.0797624e-17
4117.820259545964,4.4247752e-18,5.0530579000000004e-17
4119.282518347867,5.1216916e-17,5.1362504e-17
4120.74477714977,9.7628263e-17,5.1707739e-17
4122.207035951672,1.0684538000000001e-16,5.1808241e-17
4123.669294753575,9.8223674e-17,5.1529952e-17
4125.131553555478,1.3124204000000002e-16,5.1551338000000004e-17
4126.59381235738,1.4588480000000001e-16,5.1541255000000004e-17
4128.056071159283,9.6967571e-17,5.10671e-17
4129.518329961186,5.6116542e-17,5.044288e-17
4130.980588763089,3.4247405e-17,4.9797971e-17
4132.442847564991,8.5113292e-17,5.0534812000000004e-17
4133.905106366894,1.2890547e-16,5.0808671e-17
4135.367365168797,9.1735548e-17,5.07197e-17
4136.829623970699,1.2474545e-16,5.2210495e-17
4138.291882772602,1.1757119000000001e-16,5.2256443e-17
4139.754141574505,9.277084e-17,5.1602402e-17
4141.216400376408,4.7669499e-17,5.0828871e-17
4142.67865917831,1.6519612e-17,5.0322256e-17
4144.140917980213,6.7959267e-17,5.1257757e-17
4145.603176782116,1.908134e-17,5.084129e-17
4147.065435584019,3.4425219999999996e-18,4.9946546000000004e-17
4148.527694385921,6.3939519e-17,4.9773646000000004e-17
4149.989953187824,1.3333252e-16,5.0317665e-17
4151.452211989727,1.4545774000000001e-16,5.0971559e-17
4152.914470791629,8.1632324e-17,5.0299619e-17
4154.376729593532,1.0058508000000001e-16,5.0225432000000004e-17
4155.838988395435,1.362212e-16,4.9857183000000004e-17
4157.301247197338,1.3380922000000002e-16,4.9692304e-17
4158.76350599924,6.4321935e-17,4.8802649e-17
4160.225764801143,4.6664779e-17,4.8991616e-17
4161.6880236030465,4.43607e-17,4.7983055000000004e-17
4163.1502824049485,5.4465109e-17,4.7361618e-17
4164.612541206851,1.2479290000000002e-16,4.9058813e-17
4166.074800008754,1.7766229000000002e-16,5.0358531e-17
4167.537058810657,9.1410121e-17,4.8839757e-17
4168.999317612559,1.6433211999999998e-18,4.6651284e-17
4170.461576414462,5.8713141e-17,4.7766119e-17
4171.923835216365,1.2147075000000002e-16,4.9073615e-17
4173.386094018268,1.2522633e-16,4.8333714e-17
4174.8483528201705,6.532917e-17,4.6970709e-17
4176.310611622073,2.3769786e-18,4.6010632e-17
4177.772870423976,1.6523882e-17,4.6240652e-17
4179.235129225878,2.3152264000000002e-17,4.6461205e-17
4180.697388027781,7.838378e-17,4.7431815e-17
4182.159646829684,7.103847e-17,4.6631202e-17
4183.621905631587,6.9080904e-17,4.7184181000000004e-17
4185.08416443349,6.532907e-17,4.7150323e-17
4186.5464232353925,6.9755909e-17,4.6630858e-17
4188.008682037295,8.4931127e-17,4.7040726e-17
4189.470940839197,1.3259875e-16,4.8088184e-17
4190.9331996411,1.127448e-16,4.7384111e-17
4192.395458443003,1.0777145000000001e-16,4.678274e-17
4193.857717244906,6.4983441e-17,4.5891927e-17
4195.319976046809,6.400842e-17,4.6377256000000003e-17
4196.782234848712,5.0683153e-17,4.5735708e-17
4198.2444936506145,-2.2823208e-17,4.4323986e-17
4199.706752452516,7.2907906e-18,4.5291695e-17
4201.169011254419,1.6415403e-16,4.7796558e-17
4202.631270056322,1.7858256000000002e-16,4.7370853e-17
4204.093528858225,1.3592823000000002e-16,4.6224447e-17
4205.555787660127,1.1551088000000002e-16,4.6478781e-17
4207.018046462031,6.6061602e-17,4.5704284e-17
4208.480305263934,1.1554256e-16,4.5901543e-17
4209.9425640658355,8.3808927e-17,4.5140849e-17
4211.404822867738,1.6111202e-17,4.4326804e-17
4212.867081669641,3.6898893e-17,4.4976665e-17
4214.329340471544,5.551309e-17,4.5160232e-17
4215.791599273446,1.3712626e-16,4.6240084e-17
4217.25385807535,1.4357789000000002e-16,4.5935483e-17
4218.716116877253,1.3176468000000002e-16,4.6065691e-17
4220.178375679156,1.2374918000000001e-16,4.5810409e-17
4221.6406344810575,1.0826735e-16,4.6552578e-17
4223.10289328296,1.2049077000000002e-16,4.7274866e-17
4224.565152084863,1.7405916000000002e-16,4.7132353e-17
4226.027410886765,2.2378931e-16,4.7305311e-17
4227.489669688668,1.7116502000000001e-16,4.6174063e-17
4228.951928490572,1.3338849e-16,4.5448965e-17
4230.414187292475,9.6735662e-17,4.4601448e-17
4231.876446094377,7.6070547e-17,4.4420322e-17
4233.3387048962795,1.2021134000000002e-16,4.5212816e-17
4234.800963698182,1.378832e-16,4.5497608e-17
4236.263222500084,9.914516e-17,4.4768116e-17
4237.725481301987,1.6363317e-16,4.5559172e-17
4239.18774010389,1.9109139e-16,4.6194779e-17
4240.649998905794,1.5646694000000001e-16,4.5432757e-17
4242.112257707696,7.222804100000001e-17,4.4313649e-17
4243.574516509599,9.5967073e-17,4.4683775e-17
4245.0367753115015,9.9602902e-17,4.4375863e-17
4246.4990341134035,1.0018612e-16,4.414121e-17
4247.961292915306,8.4967145e-17,4.3590992e-17
4249.423551717209,4.3164521e-17,4.2860491e-17
4250.885810519113,9.381650900000001e-17,4.3916238000000004e-17
4252.348069321015,1.3318510000000002e-16,4.526003e-17
4253.810328122918,1.1271199e-16,4.5174419e-17
4255.272586924821,6.4424406e-17,4.3546597e-17
4256.7348457267235,7.6025283e-17,4.4196722e-17
4258.1971045286255,1.8597377e-16,4.6827841e-17
4259.659363330528,1.6843169000000002e-16,4.5988867e-17
4261.121622132431,1.5011318e-16,4.541983e-17
4262.583880934334,2.2227648000000003e-16,4.7253008e-17
4264.046139736237,1.7898400000000002e-16,4.6229962e-17
4265.50839853814,1.4022000000000001e-16,4.4754637e-17
4266.970657340043,8.7504691e-17,4.3314276000000003e-17
4268.432916141945,7.4842541e-17,4.2864476e-17
4269.895174943847,1.2283434e-16,4.3854257e-17
4271.35743374575,1.4883508000000002e-16,4.4609268e-17
4272.819692547652,1.6342374000000002e-16,4.469258e-17
4274.281951349556,1.413164e-16,4.4197111e-17
4275.744210151459,8.6793196e-17,4.2479841e-17
4277.206468953362,1.3048499000000002e-16,4.3078727e-17
4278.668727755264,1.5099569000000002e-16,4.3370062e-17
4280.130986557167,8.3715985e-17,4.2140595e-17
4281.593245359069,9.2983479e-17,4.2336600000000003e-17
4283.055504160971,1.9998265000000001e-16,4.4800326e-17
4284.517762962875,2.1248372000000002e-16,4.5140073e-17
4285.980021764778,1.0443350000000001e-16,4.2871239e-17
4287.442280566681,1.0459232e-16,4.3444913000000004e-17
4288.904539368583,1.3879643e-16,4.4771051e-17
4290.366798170486,1.35082e-16,4.4345743e-17
4291.829056972389,1.7384240000000002e-16,4.5258131e-17
4293.291315774291,1.5127269000000002e-16,4.5289228e-17
4294.753574576193,9.1030631e-17,4.4034882e-17
4296.215833378097,1.3801384000000002e-16,4.4465449e-17
4297.67809218,1.0898561000000001e-16,4.3511098e-17
4299.140350981902,7.7717483e-17,4.3173853e-17
4300.602609783805,1.4907804e-16,4.3913960000000003e-17
4302.064868585708,1.7956193000000003e-16,4.3379408e-17
4303.527127387611,1.1178375e-16,4.2235565e-17
4304.9893861895125,4.677035e-17,4.1348517e-17
4306.451644991415,9.9048274e-17,4.2183457e-17
4307.913903793319,1.8306902000000001e-16,4.3776227000000004e-17
4309.376162595221,1.2773019000000002e-16,4.2974463e-17
4310.838421397124,6.5619252e-17,4.1702948e-17
4312.300680199027,1.0257556e-16,4.218376e-17
4313.76293900093,1.1539651e-16,4.2672779e-17
4315.225197802832,9.0707673e-17,4.2104601e-17
4316.6874566047345,1.2673629000000002e-16,4.2558393e-17
4318.149715406638,1.4038625e-16,4.2995245e-17
4319.61197420854,9.7918028e-17,4.2357478e-17
4321.074233010443,1.0162615000000001e-16,4.2420741e-17
4322.536491812346,6.4107583e-17,4.2813018e-17
4323.998750614249,3.1818118e-17,4.2662939e-17
4325.461009416151,1.261146e-16,4.3301249e-17
4326.923268218054,1.673649e-16,4.3863313e-17
4328.3855270199565,1.0577465e-16,4.3219161e-17
4329.84778582186,1.331367e-16,4.4825814e-17
4331.310044623762,1.0670611000000001e-16,4.8148267000000004e-17
4332.772303425665,6.6492708e-17,5.3115996e-17
4334.234562227568,9.6475273e-17,5.7686924e-17
4335.69682102947,3.9479216000000003e-17,5.8051345e-17
4337.159079831373,-6.7625493e-18,5.5880692e-17
4338.621338633276,1.7995093e-17,5.1391684e-17
4340.083597435179,4.9427066e-17,4.6884685e-17
4341.545856237081,7.214090300000001e-17,4.4135905e-17
4343.008115038984,8.7398587e-17,4.2856276e-17
4344.470373840887,1.1719163000000001e-16,4.2673998000000004e-17
4345.932632642789,1.0306133000000001e-16,4.2307197e-17
4347.394891444692,7.719988e-17,4.1913764e-17
4348.857150246595,1.4201778000000002e-16,4.3220792e-17
4350.319409048498,1.4948001000000001e-16,4.2681678e-17
4351.7816678504005,1.4770964e-16,4.2724691e-17
4353.243926652303,1.5095124000000002e-16,4.2758474e-17
4354.706185454206,9.4268871e-17,4.173703e-17
4356.168444256108,7.5490786e-17,4.1225396e-17
4357.630703058011,5.5507899e-17,4.0722251e-17
4359.092961859914,3.6666551e-17,4.010853e-17
4360.555220661817,7.610546e-17,4.0786511e-17
4362.017479463719,1.4520855e-16,4.1992422000000003e-17
4363.4797382656225,1.1249642e-16,4.1520887e-17
4364.941997067525,7.1195568e-17,4.0874723e-17
4366.404255869428,6.4453582e-17,4.0650596000000003e-17
4367.86651467133,3.6550603000000003e-17,3.9815758e-17
4369.328773473233,6.8643669e-17,4.0714433e-17
4370.791032275136,7.3878869e-17,4.0445807e-17
4372.253291077038,1.2312382000000002e-16,4.1257997000000003e-17
4373.715549878942,1.0677854000000001e-16,4.0989058e-17
4375.1778086808445,7.2051898e-17,4.0479609e-17
4376.640067482747,1.0720669000000001e-16,4.1296785e-17
4378.102326284649,4.1985630000000003e-17,4.0452031e-17
4379.564585086552,4.2557844e-17,4.0535566e-17
4381.026843888455,9.3450822e-17,4.1712766e-17
4382.489102690357,1.0862906000000001e-16,4.1464374e-17
4383.95136149226,1.4828629000000002e-16,4.1594216e-17
4385.413620294164,1.0638975000000001e-16,4.090295e-17
4386.8758790960665,6.1852324e-17,4.0601706e-17
4388.338137897968,4.4326075e-17,4.0938817e-17
4389.800396699871,7.5286935e-17,4.1110054e-17
4391.262655501774,8.776467e-17,4.0864524000000004e-17
4392.724914303676,3.2273987e-17,3.9940031000000003e-17
4394.187173105579,2.4013942e-17,3.9687176e-17
4395.649431907482,7.7645088e-17,4.0659984e-17
4397.111690709386,6.940548900000001e-17,4.0899978e-17
4398.5739495112875,3.6341052e-17,3.9994159e-17
4400.03620831319,4.9240328e-17,3.9836685e-17
4401.498467115093,7.8575759e-17,4.0487994e-17
4402.960725916996,6.0521973e-17,3.9934737e-17
4404.422984718898,8.2608225e-17,4.0177297e-17
4405.885243520801,8.516515300000001e-17,4.0733754e-17
4407.347502322705,4.1177557e-17,4.0047648e-17
4408.809761124607,4.5684768e-17,3.9349325e-17
4410.2720199265095,4.4540036e-17,3.9528926e-17
4411.734278728412,8.576215199999999e-18,3.9065389e-17
4413.196537530315,5.8412213e-17,4.0268295e-17
4414.658796332217,6.916603e-17,4.0179144e-17
4416.12105513412,8.9177058e-17,4.0158085e-17
4417.583313936023,1.5861896e-17,3.9816714e-17
4419.045572737926,2.7380795e-17,3.9841055e-17
4420.507831539829,9.2786391e-17,4.0455001000000003e-17
4421.9700903417315,1.0863704e-16,4.0343534e-17
4423.432349143634,4.0187356e-17,3.8720561e-17
4424.894607945536,5.6889591e-17,3.9435018e-17
4426.356866747439,5.9754733e-17,3.9316515e-17
4427.819125549342,9.4374697e-17,4.0218277e-17
4429.281384351245,7.3351022e-17,3.9642425e-17
4430.743643153148,9.2228646e-17,3.9222563e-17
4432.205901955051,6.831324e-17,3.8747666000000003e-17
4433.6681607569535,6.0711318e-17,3.8598504e-17
4435.1304195588555,6.2347567999999995e-18,3.8985828e-17
4436.592678360758,3.0552644e-17,3.8690112e-17
4438.054937162661,9.712952e-17,4.0182766e-17
4439.517195964564,3.5672247e-17,3.9428959e-17
4440.979454766467,1.1877058e-16,4.0204281e-17
4442.44171356837,1.1074309000000001e-16,4.0274217e-17
4443.903972370273,8.136981e-17,3.9458768e-17
4445.366231172175,1.2817164000000002e-16,4.0045022e-17
4446.8284899740775,1.3277768e-16,3.9892174e-17
4448.29074877598,8.2313927e-17,3.9480726e-17
4449.753007577883,1.1888199e-16,4.0132728e-17
4451.215266379785,1.0392857e-16,3.9601869e-17
4452.677525181689,8.863098e-17,3.9950671e-17
4454.139783983592,1.1460679000000001e-16,4.0236797e-17
4455.602042785494,7.2657785e-17,3.9024206e-17
4457.064301587397,8.7564281e-17,3.9334028e-17
4458.526560389299,7.9713973e-17,3.8909837e-17
4459.988819191202,1.4588705e-16,4.0813964e-17
4461.451077993104,1.5380365000000001e-16,4.1235871e-17
4462.913336795008,7.5394482e-17,3.9414713e-17
4464.375595596911,1.1707685000000002e-16,3.9710001000000003e-17
4465.837854398813,1.3309754e-16,4.0202079e-17
4467.300113200716,1.0284319e-16,3.9673161e-17
4468.762372002619,1.6994790000000001e-16,4.1076958e-17
4470.224630804521,1.0524437000000001e-16,4.0269752000000003e-17
4471.686889606423,9.1757008e-17,4.0250753e-17
4473.149148408326,1.4490329000000002e-16,4.0995749e-17
4474.61140721023,1.1302305e-16,4.0000504000000003e-17
4476.073666012133,1.2060154000000002e-16,4.013171e-17
4477.535924814035,1.6200315000000002e-16,4.1600075e-17
4478.998183615938,1.3020167000000002e-16,4.1237831e-17
4480.460442417841,1.1295867e-16,4.0378403e-17
4481.9227012197425,6.5257324e-17,3.8954562e-17
4483.384960021645,7.3215887e-17,3.9033095e-17
4484.847218823548,1.6619314000000002e-16,4.0323841e-17
4486.309477625452,1.6136884e-16,4.0574049e-17
4487.771736427354,1.2992969e-16,3.9891283e-17
4489.233995229257,8.331502100000001e-17,3.9220010000000004e-17
4490.69625403116,1.0854531000000001e-16,3.9130174e-17
4492.158512833062,2.1563417000000003e-16,4.0673522e-17
4493.6207716349645,2.4288442e-16,4.1702579e-17
4495.083030436867,2.4547542000000003e-16,4.2080035e-17
4496.545289238771,2.1341601000000003e-16,4.131732e-17
4498.007548040673,1.7476565000000002e-16,4.0612674e-17
4499.469806842576,1.4044889000000002e-16,3.9249444000000003e-17
4500.932065644479,1.8312533e-16,4.0581128e-17
4502.394324446381,1.7083350000000002e-16,4.0683341e-17
4503.856583248284,1.3551173000000002e-16,3.9566148e-17
4505.3188420501865,1.5936284000000002e-16,4.0349198e-17
4506.781100852089,1.8426024000000002e-16,4.100962e-17
4508.243359653992,1.7267599e-16,4.0660902e-17
4509.705618455895,2.2689866000000004e-16,4.1401079e-17
4511.167877257798,2.0761933e-16,4.1276336000000004e-17
4512.630136059701,1.8606713e-16,4.1270238e-17
4514.092394861603,1.9930599e-16,4.1556548e-17
4515.554653663506,2.2028796000000002e-16,4.1934347e-17
4517.0169124654085,2.5249359000000003e-16,4.2247458e-17
4518.47917126731,1.8381815e-16,4.109027e-17
4519.941430069214,2.0162334000000003e-16,4.1250857e-17
4521.403688871117,2.9429252000000003e-16,4.2893234e-17
4522.86594767302,2.4010562e-16,4.1770136e-17
4524.328206474922,2.6313372e-16,4.2231909e-17
4525.790465276825,2.459403e-16,4.2024681e-17
4527.252724078728,2.3726994e-16,4.1954072e-17
4528.71498288063,1.7791549000000001e-16,4.0487844e-17
4530.177241682533,2.1294735000000002e-16,4.1123706e-17
4531.639500484436,1.7896648000000002e-16,4.0283605e-17
4533.101759286339,2.3329918e-16,4.1116011e-17
4534.564018088241,3.0827089e-16,4.2307059e-17
4536.026276890144,2.4015711e-16,4.1157483e-17
4537.488535692047,2.0772527000000001e-16,4.0527952e-17
4538.950794493949,2.9024791e-16,4.1618454e-17
4540.413053295852,2.7170805000000004e-16,4.1574462000000003e-17
4541.875312097755,2.8186776000000004e-16,4.2048233e-17
4543.337570899658,2.7968835e-16,4.1811873e-17
4544.79982970156,2.4567111e-16,4.1282676e-17
4546.262088503463,2.1384349000000003e-16,4.0523454e-17
4547.724347305366,1.8144346000000001e-16,3.993141e-17
4549.186606107269,2.2817207000000004e-16,4.1179623e-17
4550.648864909171,2.8773021e-16,4.2424738e-17
4552.1111237110745,2.6118872000000004e-16,4.1341646e-17
4553.573382512977,2.4387225e-16,4.1676951e-17
4555.035641314879,2.5301441000000004e-16,4.1534294e-17
4556.497900116782,2.6106831000000003e-16,4.1234275e-17
4557.960158918685,2.2178660000000002e-16,4.0630214000000004e-17
4559.422417720588,2.248896e-16,4.0472280000000004e-17
4560.88467652249,3.0711141e-16,4.1816764e-17
4562.346935324393,3.2938351000000005e-16,4.2238522e-17
4563.8091941262965,2.7144174e-16,4.1230781e-17
4565.271452928198,2.6868155000000003e-16,4.1373731e-17
4566.733711730101,2.8132365000000004e-16,4.1316197e-17
4568.195970532004,3.0006852000000003e-16,4.1917035e-17
4569.658229333907,3.144338e-16,4.1976639e-17
4571.120488135809,3.2904146000000005e-16,4.2261139e-17
4572.582746937712,2.6996504000000003e-16,4.13098e-17
4574.045005739615,3.240445e-16,4.2267391000000003e-17
4575.5072645415175,3.6705387e-16,4.2880087e-17
4576.96952334342,3.8309572000000003e-16,4.3063651e-17
4578.431782145323,3.5992529e-16,4.3135619e-17
4579.894040947226,3.7475424000000005e-16,4.3214302e-17
4581.356299749128,3.4938261000000004e-16,4.2495794e-17
4582.818558551031,3.5467051e-16,4.2620832000000003e-17
4584.280817352934,3.3073447000000004e-16,4.1898703000000003e-17
4585.743076154838,3.3747706000000005e-16,4.2508772e-17
4587.2053349567395,3.2711857000000004e-16,4.255113e-17
4588.667593758642,3.3041403000000004e-16,4.2170441e-17
4590.129852560545,3.2229432e-16,4.1769883e-17
4591.592111362447,3.5777099e-16,4.2520323e-17
4593.05437016435,4.5263101e-16,4.4049324e-17
4594.516628966253,4.3571878000000003e-16,4.3408858e-17
4595.978887768156,3.7228943000000003e-16,4.2198423e-17
4597.441146570059,3.4695504000000003e-16,4.2175216e-17
4598.9034053719615,3.5970853000000005e-16,4.2341664e-17
4600.365664173864,4.3343015000000005e-16,4.3554643e-17
4601.827922975766,4.586932800000001e-16,4.3802292e-17
4603.290181777669,3.6210370000000003e-16,4.1822897e-17
4604.752440579572,3.7235476e-16,4.2189607e-17
4606.214699381475,3.7518917000000004e-16,4.2867951e-17
4607.676958183377,3.1905505e-16,4.1834072e-17
4609.139216985281,4.0859895e-16,4.3093100000000004e-17
4610.6014757871835,4.776149300000001e-16,4.3815022e-17
4612.0637345890855,4.9483919e-16,4.4686316000000004e-17
4613.525993390988,4.0489882000000005e-16,4.3012864e-17
4614.988252192891,3.6505463000000004e-16,4.2266301e-17
4616.450510994794,4.2882515000000004e-16,4.3226362e-17
4617.912769796696,4.4272453000000005e-16,4.2945584e-17
4619.3750285986,4.008981e-16,4.2132807e-17
4620.837287400503,4.4289293000000005e-16,4.3211345e-17
4622.2995462024055,4.688180200000001e-16,4.3926125e-17
4623.7618050043075,4.1782656000000005e-16,4.2706321e-17
4625.22406380621,4.4876822e-16,4.3140047000000003e-17
4626.686322608113,3.922505e-16,4.2382055e-17
4628.148581410015,4.2387855e-16,4.3286522000000003e-17
4629.610840211918,4.2088019e-16,4.3202806e-17
4631.073099013822,4.2236096000000005e-16,4.3201655e-17
4632.535357815725,4.0493858000000004e-16,4.2950773e-17
4633.997616617627,3.5158297000000004e-16,4.203555e-17
4635.459875419529,4.0182391000000003e-16,4.3217198e-17
4636.922134221432,4.0687132000000005e-16,4.281888e-17
4638.384393023334,4.3109038000000005e-16,4.35607e-17
4639.846651825237,3.8419366e-16,4.2499609e-17
4641.30891062714,3.522562e-16,4.4245812e-17
4642.771169429044,3.7965480000000004e-16,5.0225219e-17
4644.233428230946,4.0338131e-16,4.8796515e-17
4645.695687032849,4.1714777000000004e-16,4.3351844e-17
4647.157945834751,4.0906980000000004e-16,4.3022588e-17
4648.620204636653,3.5137102000000004e-16,4.2419059e-17
4650.082463438556,3.0338468e-16,4.1367095e-17
4651.544722240459,2.8019776e-16,4.0626445e-17
4653.006981042363,3.5488793e-16,4.1687076000000003e-17
4654.469239844265,3.8029516e-16,4.2070859000000003e-17
4655.931498646168,3.4156151000000005e-16,4.1750237000000003e-17
4657.393757448071,2.985888e-16,4.0965062e-17
4658.856016249973,3.0943829e-16,4.0798127e-17
4660.318275051875,3.6508872e-16,4.1602843e-17
4661.780533853778,3.6927749e-16,4.1408542e-17
4663.242792655681,3.5384995000000003e-16,4.0884995e-17
4664.705051457584,3.9922325e-16,4.1558202000000003e-17
4666.167310259487,3.2711478000000003e-16,4.0167749e-17
4667.62956906139,3.0686865000000004e-16,3.9800944e-17
4669.091827863293,3.4543814000000004e-16,4.0249747e-17
4670.5540866651945,3.1705513e-16,3.962987e-17
4672.016345467097,3.0662394e-16,3.9771056e-17
4673.478604269,3.4525561e-16,4.0477855e-17
4674.940863070903,2.6285214000000003e-16,3.8808573e-17
4676.403121872806,3.4541564000000005e-16,3.9971999e-17
4677.865380674709,3.6186248e-16,4.0444683e-17
4679.327639476612,2.7655549e-16,3.9019897e-17
4680.789898278514,2.6094197000000005e-16,3.8700341e-17
4682.2521570804165,2.4110007e-16,3.8400633e-17
4683.714415882319,2.8258229000000003e-16,3.8760681e-17
4685.176674684221,2.7291793000000003e-16,3.9015433000000004e-17
4686.638933486125,2.4716691000000004e-16,3.8645313e-17
4688.101192288028,2.6286360000000004e-16,3.8462298000000003e-17
4689.563451089931,2.8997583000000004e-16,3.876978e-17
4691.025709891833,2.449835e-16,3.7961381000000004e-17
4692.487968693736,2.3854542000000004e-16,3.7732081e-17
4693.9502274956385,2.5598408000000002e-16,3.8209214e-17
4695.412486297541,2.2353546e-16,3.7709836e-17
4696.874745099443,1.9850115e-16,3.7076458000000003e-17
4698.337003901347,1.6580985e-16,3.6165658e-17
4699.79926270325,1.9100801e-16,3.6847686e-17
4701.261521505152,2.2816339e-16,3.7476052e-17
4702.723780307055,2.2060869000000001e-16,3.7041234e-17
4704.186039108958,1.7551796000000001e-16,3.659497e-17
4705.6482979108605,1.9269755000000003e-16,3.717252e-17
4707.110556712762,2.6295926e-16,3.8325694e-17
4708.572815514666,1.9861963000000003e-16,3.7102051000000003e-17
4710.035074316569,1.7186314000000002e-16,3.6496226e-17
4711.497333118471,2.4688967e-16,3.7934746e-17
4712.959591920374,1.7233157000000002e-16,3.7012693e-17
4714.421850722277,9.803661200000001e-17,3.5711307e-17
4715.88410952418,1.7416161e-16,3.6939712e-17
4717.346368326082,1.9751622000000002e-16,3.7655332000000003e-17
4718.808627127984,1.6563655000000002e-16,3.7197953e-17
4720.270885929888,1.4235188000000002e-16,3.6570032e-17
4721.73314473179,1.2952639000000002e-16,3.6099845e-17
4723.195403533693,1.2125183000000001e-16,3.5716031e-17
4724.657662335596,1.5115263000000002e-16,3.6419394e-17
4726.119921137499,1.9364736e-16,3.7086498e-17
4727.582179939401,1.8859853000000002e-16,3.6519022e-17
4729.044438741304,1.334029e-16,3.5596258e-17
4730.506697543206,1.1643791e-16,3.5110104000000004e-17
4731.96895634511,1.3257556e-16,3.4535972e-17
4733.431215147012,1.2016305e-16,3.4963802e-17
4734.893473948915,1.1674384e-16,3.5291465e-17
4736.355732750818,1.3581145000000002e-16,3.4743065e-17
4737.81799155272,1.5038159000000002e-16,3.4915904e-17
4739.280250354623,1.431991e-16,3.5041647e-17
4740.742509156526,1.6746005e-16,3.5516247e-17
4742.204767958429,1.6924667000000002e-16,3.5607773e-17
4743.667026760331,1.5737770000000003e-16,3.5236555e-17
4745.129285562234,1.8025037000000003e-16,3.5609268e-17
4746.591544364137,1.5439444000000002e-16,3.4942578e-17
4748.053803166039,1.7055353e-16,3.5128764e-17
4749.516061967942,1.9724525000000002e-16,3.5986686e-17
4750.978320769845,2.0612512000000002e-16,3.608902e-17
4752.440579571748,1.7722199e-16,3.5828935e-17
4753.90283837365,1.3530025e-16,3.5101668e-17
4755.365097175553,1.6689867e-16,3.5602938e-17
4756.827355977456,1.4755029000000002e-16,3.5397945e-17
4758.289614779358,1.1092602000000001e-16,3.4276529e-17
4759.751873581261,1.3561933000000002e-16,3.4567493e-17
4761.214132383164,1.2604261000000002e-16,3.4552972e-17
4762.676391185067,2.1011719e-17,3.2940934e-17
4764.1386499869695,6.3531256e-17,3.368024e-17
4765.600908788872,1.6656884000000002e-16,3.5177541e-17
4767.063167590775,1.4728999000000002e-16,3.4783154e-17
4768.525426392678,1.1533363e-16,3.4001014e-17
4769.98768519458,1.2183347000000002e-16,3.4421596e-17
4771.449943996483,1.0675201e-16,3.4531063e-17
4772.912202798386,1.3437848e-16,3.486637e-17
4774.374461600288,1.5741729000000002e-16,3.4916156e-17
4775.8367204021915,1.3651649000000001e-16,3.4223542e-17
4777.298979204094,1.1801224e-16,3.4222078e-17
4778.761238005997,1.3580379000000002e-16,3.4733694e-17
4780.223496807899,1.4487182000000002e-16,3.4872073e-17
4781.685755609802,1.2229082e-16,3.4686339e-17
4783.148014411705,1.1767632000000002e-16,3.4324754e-17
4784.610273213607,1.3364551e-16,3.4644503e-17
4786.07253201551,1.6138865000000002e-16,3.5330149e-17
4787.5347908174135,1.4789400000000002e-16,3.4773108e-17
4788.997049619316,1.3551869000000002e-16,3.4687892e-17
4790.459308421218,1.2192890000000002e-16,3.4528607e-17
4791.921567223121,9.2787013e-17,3.4278096e-17
4793.383826025024,8.6651126e-17,3.4589425000000003e-17
4794.846084826926,1.1741064e-16,3.4543587e-17
4796.308343628829,1.5704801000000002e-16,3.5362974e-17
4797.770602430733,1.3669684e-16,3.5217997e-17
4799.2328612326355,1.2421047000000001e-16,3.4860042e-17
4800.6951200345375,2.0192438e-16,3.6381156e-17
4802.15737883644,1.665158e-16,3.536495e-17
4803.619637638343,1.0756371000000001e-16,3.3883367e-17
4805.081896440246,1.6692776000000002e-16,3.4759339e-17
4806.544155242148,1.6619152000000002e-16,3.5041708e-17
4808.006414044051,1.1938802000000001e-16,3.4526511e-17
4809.468672845955,1.195091e-16,3.4233953e-17
4810.930931647857,1.4450403000000002e-16,3.4674399e-17
4812.3931904497595,1.0349647000000001e-16,3.4247783e-17
4813.855449251662,1.305739e-16,3.4617275e-17
4815.317708053565,1.1609952000000002e-16,3.4473617e-17
4816.779966855467,1.1700412e-16,3.3192323e-17
4818.24222565737,1.1790871000000001e-16,4.6432361e-17
4819.704484459273,1.188133e-16,6.3446903e-17
4821.166743261176,1.1971789e-16,6.6100456e-17
4822.629002063079,1.2062249000000002e-16,6.2948245e-17
4824.091260864981,1.2152709e-16,4.8666317000000004e-17
4825.553519666884,1.2243168000000002e-16,3.5441126e-17
4827.015778468786,1.2333627e-16,3.4319563e-17
4828.478037270689,1.2424086000000002e-16,3.3417002e-17
4829.940296072592,1.2514545e-16,3.319208e-17
4831.402554874495,1.2514545e-16,3.3762886e-17
4832.864813676398,1.463883e-16,3.3602384e-17
4834.327072478301,1.8728112e-16,3.4248213e-17
4835.789331280203,1.661046e-16,3.4018482e-17
4837.251590082105,1.3379309e-16,3.3696679e-17
4838.713848884008,1.6141322e-16,3.4414122e-17
4840.176107685911,1.8279159000000002e-16,3.4543796e-17
4841.638366487814,1.665958e-16,3.4222696e-17
4843.100625289717,1.5948992000000002e-16,3.4012484e-17
4844.56288409162,2.1688189000000002e-16,3.4959419000000004e-17
4846.025142893523,2.1528226e-16,3.5402835e-17
4847.4874016954245,1.9214433e-16,3.4847771e-17
4848.949660497327,2.1500262000000001e-16,3.4766225e-17
4850.41191929923,2.2704723e-16,3.4969098e-17
4851.874178101133,1.9189762e-16,3.4599396e-17
4853.336436903035,1.9268218e-16,3.474638e-17
4854.798695704939,1.8658010000000002e-16,3.432722e-17
4856.260954506842,1.7855535e-16,3.4049294e-17
4857.723213308744,1.6877681e-16,3.4018667e-17
4859.1854721106465,1.5669706000000002e-16,3.4189247000000003e-17
4860.647730912549,1.972142e-16,3.50645e-17
4862.109989714452,1.6208571000000002e-16,3.3983305e-17
4863.572248516354,1.7773550000000003e-16,3.4321734000000003e-17
4865.034507318258,2.5692042e-16,3.5558606e-17
4866.496766120161,2.5705973000000003e-16,3.5038249e-17
4867.959024922063,2.0692574000000002e-16,3.4474451000000003e-17
4869.421283723966,2.4104906e-16,3.5413925e-17
4870.8835425258685,2.5684601e-16,3.5613934e-17
4872.345801327771,2.0939366000000002e-16,3.4979367e-17
4873.808060129673,2.2240790000000003e-16,3.5089237e-17
4875.270318931576,2.526437e-16,3.5194238000000003e-17
4876.73257773348,2.6004576000000003e-16,3.5331042e-17
4878.194836535383,2.0591262000000002e-16,3.4355476e-17
4879.657095337285,1.5844931000000002e-16,3.3313282e-17
4881.119354139188,1.9976189000000002e-16,3.4252278e-17
4882.5816129410905,2.0575627000000002e-16,3.438858e-17
4884.043871742992,1.6411852000000001e-16,3.3702066e-17
4885.506130544895,1.8595258000000002e-16,3.4043597e-17
4886.968389346799,2.4325976000000003e-16,3.5233484e-17
4888.430648148702,2.7126042e-16,3.5688433e-17
4889.892906950604,2.4924347e-16,3.4874895e-17
4891.355165752507,2.0827117000000002e-16,3.4356885e-17
4892.81742455441,2.1966325e-16,3.4730825e-17
4894.279683356312,2.6204341000000004e-16,3.4925645e-17
4895.741942158214,2.8351776000000003e-16,3.5336535e-17
4897.204200960117,2.3128849000000003e-16,3.4828617e-17
4898.666459762021,1.7274423000000002e-16,3.4018068e-17
4900.128718563923,2.1305976000000002e-16,3.4822161e-17
4901.590977365826,2.628586e-16,3.5491491e-17
4903.053236167729,2.7240108e-16,3.5400983e-17
4904.515494969631,3.0699073e-16,3.5799834e-17
4905.977753771534,2.8429872000000004e-16,3.5447013e-17
4907.440012573436,2.5806092000000003e-16,3.5028397e-17
4908.902271375339,2.3964068e-16,3.4445163000000003e-17
4910.364530177242,2.4716183e-16,3.5196917e-17
4911.826788979145,2.7273116000000003e-16,3.5558981e-17
4913.289047781048,3.1750667e-16,3.558296e-17
4914.751306582951,3.7784941e-16,3.6808722e-17
4916.213565384853,2.9524247000000004e-16,3.5726396e-17
4917.675824186756,2.6810467e-16,3.5346261e-17
4919.138082988658,3.3117945000000004e-16,3.6205106e-17
4920.600341790561,3.0925999e-16,3.5900609e-17
4922.062600592464,2.3064715000000003e-16,3.4617035e-17
4923.524859394367,2.5385858e-16,3.4613649e-17
4924.98711819627,3.0491357e-16,3.5778849e-17
4926.449376998172,3.3837113e-16,3.6580115e-17
4927.911635800075,3.0757434000000004e-16,3.6233893e-17
4929.373894601978,2.6270253000000005e-16,3.5114479e-17
4930.8361534038795,3.2508037000000003e-16,3.5672762e-17
4932.298412205783,3.0616316e-16,3.5773221e-17
4933.760671007686,2.627484e-16,3.5131402e-17
4935.222929809589,2.9092363000000004e-16,3.5284068e-17
4936.685188611491,3.5177874000000005e-16,3.6401287e-17
4938.147447413394,3.3176115000000003e-16,3.6417219e-17
4939.609706215297,2.7023654e-16,3.5393064e-17
4941.071965017199,2.6078593000000004e-16,3.5146885e-17
4942.5342238191015,2.8248342000000003e-16,3.5676824e-17
4943.996482621005,2.9575415e-16,3.6338791e-17
4945.458741422908,2.3846386000000003e-16,3.5773018e-17
4946.92100022481,2.3777316000000004e-16,3.6084023e-17
4948.383259026713,2.8174277e-16,3.7425498e-17
4949.845517828616,2.3531634e-16,3.7209236e-17
4951.307776630519,2.5959093e-16,3.763627e-17
4952.770035432421,2.6340178000000003e-16,3.858884e-17
4954.232294234324,2.2990613000000003e-16,3.8501902e-17
4955.694553036227,2.1714781000000001e-16,3.8226358e-17
4957.156811838129,1.9709768e-16,3.8382976e-17
4958.619070640032,2.3035072e-16,3.860302e-17
4960.081329441935,2.6055893000000003e-16,3.8433213e-17
4961.543588243838,2.6705181000000004e-16,3.7764673e-17
4963.00584704574,2.281204e-16,3.7161983e-17
4964.468105847643,2.8233818e-16,3.7383714e-17
4965.930364649546,2.9910695000000005e-16,3.7250123e-17
4967.392623451448,2.1341032000000002e-16,3.5934508e-17
4968.854882253351,2.4545747e-16,3.5343381e-17
4970.317141055254,2.5123839e-16,3.5181477e-17
4971.779399857157,1.9737793000000002e-16,3.4111746e-17
4973.241658659059,2.0176679e-16,3.378595e-17
4974.703917460962,2.2620139e-16,3.4196726e-17
4976.166176262865,2.0824367e-16,3.3957508000000004e-17
4977.6284350647675,2.2072048000000003e-16,3.3947783e-17
4979.09069386667,2.6146393000000004e-16,3.4086499000000003e-17
4980.552952668573,2.1008152000000003e-16,3.2725063e-17
4982.015211470476,2.009454e-16,3.2845009e-17
4983.477470272378,2.0565281e-16,3.3725568e-17
4984.939729074281,2.1036020000000002e-16,4.1154506e-17
4986.401987876184,2.1506759000000003e-16,5.056124699999999e-18
4987.8642466780875,2.1977501000000003e-16,4.2621371000000005e-16
4989.3265054799895,2.2448242e-16,1.2127234e-15
4990.788764281892,2.291898e-16,7.2882195e-16
4992.251023083795,2.3389722e-16,3.3219104e-17
4993.713281885697,2.3860463000000003e-16,3.3220221e-17
4995.1755406876,2.4331201000000004e-16,3.3544485e-17
4996.637799489503,2.4801943000000004e-16,3.3236669e-17
4998.100058291406,2.4801943000000004e-16,3.3594403e-17
4999.562317093309,2.7338012000000004e-16,3.3826623e-17
5001.0245758952115,2.2588503e-16,3.2801576e-17
5002.486834697114,2.2816966000000003e-16,3.2563548e-17
5003.949093499016,2.4254233e-16,3.3044845e-17
5005.411352300919,2.1176834000000002e-16,3.322968e-17
5006.873611102822,2.0056648000000002e-16,3.2620495e-17
5008.335869904725,1.8004264e-16,3.2059715e-17
5009.798128706628,1.8896416e-16,3.1906987e-17
5011.260387508531,2.1868343e-16,3.2322952e-17
5012.722646310433,1.9464289000000002e-16,3.204472e-17
5014.184905112335,2.0007939000000003e-16,3.1706328e-17
5015.647163914238,2.0927223000000001e-16,3.2095392e-17
5017.109422716141,1.7832321000000002e-16,3.2115973e-17
5018.571681518044,2.3580431e-16,3.3016959e-17
5020.033940319946,2.4643399e-16,3.315901e-17
5021.49619912185,1.3429766e-16,3.0772242e-17
5022.958457923753,1.7548144e-16,3.1631999e-17
5024.420716725655,1.8023347000000001e-16,3.1995651e-17
5025.882975527557,1.8865995000000003e-16,3.1863326e-17
5027.34523432946,2.5818438000000004e-16,3.3346955e-17
5028.807493131363,2.2609938000000003e-16,3.2492327e-17
5030.269751933265,2.1414629000000002e-16,3.2358237e-17
5031.732010735168,2.1642265000000002e-16,3.2698694e-17
5033.194269537072,2.1869902000000001e-16,3.3098705000000003e-17
5034.656528338975,2.2097538e-16,3.446354e-17
5036.1187871408765,2.2325176e-16,4.4219903000000003e-17
5037.581045942779,2.2552813000000003e-16,7.4336347e-17
5039.043304744682,2.2780451e-16,7.6890307e-17
5040.505563546584,2.3008086000000003e-16,3.8736190000000004e-17
5041.967822348487,2.3235723e-16,3.3579951e-17
5043.430081150391,2.3463361e-16,3.2981308e-17
5044.892339952294,2.3690995e-16,3.2509543000000003e-17
5046.354598754196,2.3918633e-16,3.3113788e-17
5047.8168575560985,2.4146270000000004e-16,3.2468162e-17
5049.279116358001,2.4373908e-16,3.2070677e-17
5050.741375159903,2.4373908e-16,3.2999662e-17
5052.203633961806,1.8232681e-16,3.2434831e-17
5053.665892763709,1.7710417000000002e-16,3.3055443e-17
5055.128151565613,2.1375058000000002e-16,3.409794e-17
5056.590410367515,2.7527448e-16,3.5297362e-17
5058.052669169418,2.3205876000000004e-16,3.4786115000000004e-17
5059.5149279713205,2.2419226000000004e-16,3.4723309e-17
5060.977186773223,2.0277208e-16,3.3915648e-17
5062.439445575125,2.0287313e-16,3.3671043e-17
5063.901704377028,1.9184535000000003e-16,3.2972924e-17
5065.363963178931,1.3639071e-16,3.1913508e-17
5066.826221980834,1.7385951000000002e-16,3.201056e-17
5068.288480782737,1.9770896000000003e-16,3.2277179e-17
5069.75073958464,2.0576348000000003e-16,3.2654106e-17
5071.2129983865425,2.7193355e-16,3.3929461000000003e-17
5072.675257188444,2.7214668e-16,3.3574655e-17
5074.137515990347,2.6094428e-16,3.3519256e-17
5075.59977479225,1.9953189000000001e-16,3.2454139e-17
5077.062033594153,1.9076447000000003e-16,3.2294418e-17
5078.524292396056,2.506564e-16,3.3133946e-17
5079.986551197959,2.044561e-16,3.1965168000000003e-17
5081.448809999862,1.8631507000000001e-16,3.1830382e-17
5082.911068801764,2.8388926e-16,3.3611087000000003e-17
5084.373327603666,3.2771361000000004e-16,3.3993404e-17
5085.835586405569,2.9784879e-16,3.3989599e-17
5087.297845207471,2.1070119e-16,3.2681911e-17
5088.760104009375,2.2577123000000004e-16,3.2396968e-17
5090.222362811278,2.3759385000000003e-16,3.2428396e-17
5091.684621613181,2.6788018000000004e-16,3.2794609e-17
5093.146880415083,2.4553100000000003e-16,3.2655134000000003e-17
5094.609139216986,2.9776501e-16,3.3427626e-17
5096.071398018888,2.3269006000000003e-16,3.224347e-17
5097.533656820791,1.9256450000000002e-16,3.1699645e-17
5098.995915622693,2.3894217e-16,3.2721701e-17
5100.458174424597,2.7500579e-16,3.3090007e-17
5101.9204332265,2.0360793000000002e-16,3.2009552e-17
5103.382692028402,2.4370895e-16,3.2875815e-17
5104.844950830305,2.9062619000000005e-16,3.3166952e-17
5106.307209632208,2.5390660000000004e-16,3.2619043e-17
5107.76946843411,2.0906889000000002e-16,3.2177292e-17
5109.231727236012,2.6263011e-16,3.3099305e-17
5110.693986037916,2.5873963e-16,3.2770738e-17
5112.156244839819,2.2939450000000004e-16,3.2441354e-17
5113.618503641721,2.9272593e-16,3.3482357e-17
5115.080762443624,2.7707676e-16,3.3404551e-17
5116.543021245527,2.7692877e-16,3.329088e-17
5118.00528004743,2.5221200000000004e-16,3.3151055e-17
5119.4675388493315,2.3563776000000003e-16,3.2818414000000003e-17
5120.929797651234,2.4257922000000003e-16,3.3362156e-17
5122.392056453138,2.7684091e-16,3.4272031e-17
5123.85431525504,2.5035726000000004e-16,3.4322587e-17
5125.316574056943,2.2881883e-16,3.4610527e-17
5126.778832858846,2.4438798000000003e-16,3.4925277000000004e-17
5128.241091660749,2.5476019000000004e-16,3.4661438e-17
5129.703350462651,2.550656e-16,3.37163e-17
5131.1656092645535,3.1924701e-16,3.4512143e-17
5132.627868066457,3.2705353e-16,3.4146895e-17
5134.09012686836,3.0798428000000005e-16,3.3735814e-17
5135.552385670262,3.2198565000000003e-16,3.3723304e-17
5137.014644472165,2.8656125000000004e-16,3.2918582e-17
5138.476903274068,1.9280475e-16,3.1377575e-17
5139.93916207597,2.2895433e-16,3.1914993e-17
5141.401420877873,2.9124934e-16,3.2582958e-17
5142.8636796797755,3.0366586e-16,3.2710597e-17
5144.325938481679,2.2301049e-16,3.1305503000000003e-17
5145.788197283581,2.4303601000000003e-16,3.1683653000000003e-17
5147.250456085484,2.5021353000000003e-16,3.1926671e-17
5148.712714887387,2.8364621000000003e-16,3.2542363e-17
5150.174973689289,2.5766229e-16,3.2210627e-17
5151.637232491192,2.5640084000000003e-16,3.2236266e-17
5153.099491293095,2.8978699e-16,3.2332953e-17
5154.5617500949975,2.9733485e-16,3.2370662e-17
5156.0240088969,2.5278756e-16,3.1522371e-17
5157.486267698803,3.4320933000000003e-16,3.309498e-17
5158.948526500706,2.8138604000000005e-16,3.2252971e-17
5160.410785302608,2.8648121e-16,3.2333856000000003e-17
5161.873044104511,3.3560996000000005e-16,3.3534539e-17
5163.335302906414,3.0378387e-16,3.3061246e-17
5164.797561708317,2.4787146e-16,3.1973014000000003e-17
5166.2598205102195,3.1233689000000003e-16,3.2471385e-17
5167.722079312122,2.8831527000000003e-16,3.2180537e-17
5169.184338114025,3.1801706000000003e-16,3.2999042e-17
5170.646596915928,2.8182986e-16,3.2447436e-17
5172.10885571783,3.1011491000000003e-16,3.2840398e-17
5173.571114519733,2.7927404e-16,3.2506157e-17
5175.033373321636,3.0937233e-16,3.3620301e-17
5176.495632123538,3.0013686e-16,3.2902404e-17
5177.9578909254415,3.5452511e-16,3.3187724e-17
5179.420149727344,2.9562085e-16,3.2012869e-17
5180.882408529247,3.1056855000000005e-16,3.2722907e-17
5182.344667331149,4.1384320000000005e-16,3.4358708e-17
5183.806926133052,3.7693885000000003e-16,3.4150071e-17
5185.269184934955,3.1863987e-16,3.3137788e-17
5186.731443736857,3.2671442000000003e-16,3.4125656e-17
5188.19370253876,3.2168051000000004e-16,3.3653806e-17
5189.655961340663,3.2948743e-16,3.3586346e-17
5191.118220142566,3.2652588e-16,3.3474284e-17
5192.580478944468,3.6755489000000003e-16,3.3801736e-17
5194.042737746371,3.4005069000000005e-16,3.3996466e-17
5195.504996548274,3.8435997000000005e-16,3.4385091e-17
5196.967255350176,3.6682996000000004e-16,3.3851725e-17
5198.429514152079,3.6052949e-16,3.3581803e-17
5199.891772953983,3.6175835000000004e-16,3.3870892e-17
5201.354031755885,3.6805146e-16,3.4051117e-17
5202.816290557787,4.2433272000000004e-16,3.4646528e-17
5204.27854935969,3.7833952000000004e-16,3.3765558e-17
5205.740808161593,3.8360322e-16,3.4087747e-17
5207.203066963496,3.5719337000000003e-16,3.3643664e-17
5208.665325765398,4.0337715000000003e-16,3.429447e-17
5210.127584567301,4.0257766000000005e-16,3.4513575e-17
5211.589843369205,3.9649448000000004e-16,3.4604249e-17
5213.0521021711065,4.2593277000000004e-16,3.4504594000000003e-17
5214.514360973009,4.0272819e-16,3.4484e-17
5215.976619774912,4.1376474000000003e-16,3.4392478e-17
5217.438878576815,3.8367572000000004e-16,3.4022464e-17
5218.901137378717,4.231216e-16,3.4846191e-17
5220.36339618062,4.1441913000000005e-16,3.4904643000000004e-17
5221.825654982524,3.957046e-16,3.4301253e-17
5223.287913784426,4.2548302e-16,3.4550931e-17
5224.7501725863285,4.63676e-16,3.5437295e-17
5226.212431388231,4.3840387000000003e-16,3.5032659e-17
5227.674690190134,4.6767288e-16,3.5420082e-17
5229.136948992036,4.9080091e-16,3.5692189e-17
5230.599207793939,4.919345000000001e-16,3.5948221e-17
5232.061466595842,4.860058e-16,3.5570015e-17
5233.523725397745,4.8201813e-16,3.5718849e-17
5234.985984199648,4.576104500000001e-16,3.5300021e-17
5236.4482430015505,5.238968100000001e-16,3.5873116e-17
5237.910501803453,4.930895400000001e-16,3.5474002e-17
5239.372760605355,4.8773661e-16,3.5567963e-17
5240.835019407258,5.039460100000001e-16,3.5535028e-17
5242.297278209161,4.8866321000000005e-16,3.5426589e-17
5243.759537011064,5.312281500000001e-16,3.6205951000000004e-17
5245.221795812967,5.049043200000001e-16,3.6137948000000004e-17
5246.68405461487,5.288830300000001e-16,3.6289591e-17
5248.1463134167725,5.7753994e-16,3.6886717e-17
5249.608572218674,5.957591900000001e-16,3.7293265e-17
5251.070831020577,5.9727115e-16,3.7290179e-17
5252.53308982248,5.2662585e-16,3.6243078e-17
5253.995348624383,5.0571049e-16,3.6091967e-17
5255.457607426286,5.587915000000001e-16,3.6946403e-17
5256.919866228189,5.7643038e-16,3.7036325e-17
5258.382125030092,5.659778900000001e-16,3.7126875e-17
5259.844383831994,4.8755751e-16,3.6246666e-17
5261.306642633896,5.034816200000001e-16,3.6082867e-17
5262.768901435799,5.555649400000001e-16,3.6500748e-17
5264.231160237702,5.5994034e-16,3.6845216000000003e-17
5265.693419039604,6.327587600000001e-16,3.7690357e-17
5267.155677841508,6.438365700000001e-16,3.7869014000000003e-17
5268.617936643411,6.4422785e-16,3.7739449000000003e-17
5270.080195445313,6.5783575e-16,3.7901245e-17
5271.542454247216,5.810448600000001e-16,3.6670259e-17
5273.004713049118,5.309950500000001e-16,3.6409933e-17
5274.466971851021,5.5694666e-16,3.6782771e-17
5275.929230652923,5.7239538e-16,3.7200405e-17
5277.391489454826,5.948035300000001e-16,3.772766e-17
5278.85374825673,6.023984000000001e-16,3.7782915e-17
5280.316007058633,5.939903200000001e-16,3.7399542e-17
5281.778265860535,6.3553851e-16,3.7851209e-17
5283.240524662438,6.548263500000001e-16,3.7918517e-17
5284.70278346434,5.957399800000001e-16,3.7249322e-17
5286.165042266242,5.8792038e-16,3.7394786e-17
5287.627301068145,5.899390200000001e-16,3.7484454e-17
5289.089559870049,5.9326648e-16,3.7508436e-17
5290.551818671952,6.840085900000001e-16,3.8813786e-17
5292.014077473854,6.7351671e-16,3.8643032e-17
5293.476336275757,6.8352922e-16,3.8282713e-17
5294.93859507766,7.0939957e-16,3.8566174e-17
5296.4008538795615,6.348428300000001e-16,3.7563145e-17
5297.863112681464,5.910124200000001e-16,3.7398483e-17
5299.325371483367,6.554749600000001e-16,3.8046171000000004e-17
5300.787630285271,6.3569802e-16,3.7887129e-17
5302.249889087173,6.297378100000001e-16,3.7842046e-17
5303.712147889076,6.6023804e-16,3.8231879e-17
5305.174406690979,6.9711537e-16,3.8948822e-17
5306.636665492881,6.7013102e-16,3.8401777e-17
5308.0989242947835,6.558052500000001e-16,3.8280235000000004e-17
5309.561183096686,6.967181100000001e-16,3.923374e-17
5311.023441898589,6.512682300000001e-16,3.8942496e-17
5312.485700700492,6.7769783e-16,3.8801233e-17
5313.947959502395,6.791237500000001e-16,3.8921333000000003e-17
5315.410218304298,6.2747867e-16,3.8312431e-17
5316.872477106201,6.3609125e-16,3.8226272e-17
5318.334735908103,6.817243000000001e-16,3.8859076e-17
5319.7969947100055,6.858959900000001e-16,3.8993009e-17
5321.259253511908,7.241230700000001e-16,3.9359904e-17
5322.721512313811,7.491855000000001e-16,3.960201e-17
5324.183771115714,7.352251300000001e-16,3.9543138000000003e-17
5325.646029917617,7.4807499e-16,3.9579366e-17
5327.10828871952,6.9997035e-16,3.89292e-17
5328.570547521422,6.925340300000001e-16,3.8706224e-17
5330.032806323325,7.183864300000001e-16,3.8463438e-17
5331.4950651252275,7.557167100000001e-16,3.9087913e-17
5332.957323927129,7.480672100000001e-16,3.9324461e-17
5334.419582729033,7.605638000000001e-16,3.9071993e-17
5335.881841530936,7.064637500000001e-16,3.8443651e-17
5337.344100332839,7.1814185e-16,3.8706163e-17
5338.806359134741,7.7927883e-16,3.8999353e-17
5340.268617936644,7.904570800000001e-16,3.9003322e-17
5341.730876738547,7.639591300000001e-16,3.8653545e-17
5343.193135540449,7.612508e-16,3.8765346e-17
5344.655394342352,7.908629600000001e-16,3.927004e-17
5346.117653144255,7.3699183e-16,3.8952612000000004e-17
5347.579911946158,7.353300000000001e-16,3.9035335000000004e-17
5349.04217074806,8.302841900000001e-16,3.9837426e-17
5350.504429549963,8.370208600000001e-16,3.9857214000000003e-17
5351.966688351866,7.902565400000001e-16,3.9061969e-17
5353.428947153769,7.369284600000001e-16,3.8287457e-17
5354.891205955671,7.3779307e-16,3.8276091e-17
5356.353464757574,7.882974100000001e-16,3.908355e-17
5357.815723559477,8.3038907e-16,3.9594738e-17
5359.277982361379,8.4935249e-16,3.9831621000000004e-17
5360.740241163282,8.191983900000001e-16,3.9661672000000003e-17
5362.202499965185,7.5288598e-16,3.8976958000000003e-17
5363.664758767088,7.540933200000001e-16,3.9124539e-17
5365.12701756899,8.2732641e-16,3.9769503e-17
5366.589276370893,8.752465000000001e-16,4.0420987e-17
5368.051535172796,8.629059700000001e-16,4.0088314e-17
5369.513793974698,8.364376200000001e-16,3.9294693e-17
5370.976052776601,8.3633757e-16,3.9195461e-17
5372.438311578504,8.8169708e-16,3.9782209e-17
5373.900570380407,8.701901900000001e-16,3.9739278e-17
5375.362829182309,8.957436900000002e-16,4.0192543e-17
5376.825087984212,8.787118700000001e-16,3.9795423e-17
5378.287346786115,8.103219000000001e-16,3.8873352e-17
5379.749605588017,8.4435362e-16,3.9724814e-17
5381.21186438992,8.5772451e-16,4.0079049e-17
5382.674123191823,8.425604000000001e-16,3.98194e-17
5384.136381993726,8.7853421e-16,4.0103322e-17
5385.598640795628,8.7314327e-16,4.0310969e-17
5387.060899597531,8.622302000000001e-16,4.0211862e-17
5388.523158399434,8.7908954e-16,4.0330814e-17
5389.985417201337,8.929182e-16,4.0630871e-17
5391.447676003239,8.9534432e-16,4.053319e-17
5392.909934805142,9.0798554e-16,4.0558019e-17
5394.372193607045,9.165770000000001e-16,4.0595315e-17
5395.834452408947,9.2580934e-16,4.0632852e-17
5397.29671121085,9.4035713e-16,4.0973751e-17
5398.758970012753,8.812832000000001e-16,4.041839e-17
5400.221228814656,9.026766600000001e-16,4.0228998e-17
5401.6834876165585,9.4471257e-16,4.0779209e-17
5403.145746418461,9.1860649e-16,4.0720692e-17
5404.608005220364,9.0815379e-16,4.0333402e-17
5406.070264022266,9.0174693e-16,4.0158978e-17
5407.532522824169,8.6406731e-16,4.0051897e-17
5408.994781626072,8.757085100000001e-16,4.003373e-17
5410.457040427975,9.018999300000001e-16,4.0101054e-17
5411.919299229878,9.087316700000002e-16,4.047828e-17
5413.3815580317805,9.3558918e-16,4.1045194e-17
5414.843816833683,9.625243000000001e-16,4.1139968e-17
5416.306075635585,9.4332122e-16,4.0762243e-17
5417.768334437488,9.0284035e-16,4.0578369e-17
5419.230593239391,8.692974700000001e-16,4.0149432e-17
5420.692852041294,8.916876800000001e-16,4.0342331e-17
5422.155110843196,9.007148200000001e-16,4.0633425e-17
5423.6173696451,8.5502883e-16,4.0149196e-17
5425.0796284470025,8.610585400000001e-16,4.0230679e-17
5426.541887248905,9.2377085e-16,4.1700417e-17
5428.004146050807,9.0333459e-16,4.4688213000000004e-17
5429.46640485271,9.276624400000001e-16,4.9319542e-17
5430.928663654613,9.521871100000001e-16,5.2309081e-17
5432.390922456515,9.2786869e-16,5.2532813e-17
5433.853181258418,8.707308100000001e-16,5.0575657e-17
5435.315440060322,8.752733400000001e-16,4.7081369e-17
5436.7776988622245,9.570953500000002e-16,4.4280936e-17
5438.239957664126,9.6477889e-16,4.2627372e-17
5439.702216466029,8.502213400000001e-16,4.0631269e-17
5441.164475267932,8.711970500000001e-16,4.0313833e-17
5442.626734069834,9.4088632e-16,4.086073e-17
5444.088992871737,9.171675900000001e-16,4.0415709e-17
5445.551251673641,9.231145100000001e-16,4.0194644e-17
5447.013510475544,9.143839300000002e-16,3.9920194e-17
5448.475769277446,9.290064700000001e-16,3.9835874e-17
5449.938028079348,9.0201629e-16,3.9927229e-17
5451.400286881251,9.405027200000001e-16,4.0565841000000003e-17
5452.862545683153,9.974881300000001e-16,4.1217104000000003e-17
5454.324804485056,9.2935068e-16,4.0458132e-17
5455.787063286959,8.9120868e-16,4.0114139e-17
5457.249322088863,9.1686975e-16,4.0152152e-17
5458.711580890765,9.0681209e-16,3.9772724e-17
5460.173839692668,9.179189100000001e-16,3.9800368e-17
5461.63609849457,8.8351159e-16,3.9296725e-17
5463.098357296473,9.2866945e-16,3.9829618e-17
5464.560616098375,9.199393e-16,3.9652486e-17
5466.022874900278,9.2216985e-16,3.9975532e-17
5467.485133702182,9.498242100000001e-16,4.0358636e-17
5468.947392504084,9.5250835e-16,4.0423964e-17
5470.409651305987,1.0083163e-15,4.0972026000000003e-17
5471.87191010789,9.7643639e-16,4.0412758e-17
5473.334168909792,1.0066498e-15,4.063501e-17
5474.796427711694,9.2624747e-16,3.9593916e-17
5476.258686513597,9.4547035e-16,3.9638847e-17
5477.7209453155,1.0307958e-15,4.0579337e-17
5479.183204117403,1.0284329e-15,4.0506299000000003e-17
5480.645462919306,1.033717e-15,4.0511234e-17
5482.107721721209,1.1523984e-15,4.2143676e-17
5483.569980523112,1.0581504e-15,4.1337375e-17
5485.0322393250135,1.0090056e-15,4.085903e-17
5486.494498126916,1.0731038e-15,4.167051e-17
5487.956756928819,1.1110973e-15,4.2081698e-17
5489.419015730721,1.1264253e-15,4.2195164e-17
5490.881274532625,1.0576736e-15,4.1256324e-17
5492.343533334528,1.0868739e-15,4.1413586e-17
5493.805792136431,1.1217602e-15,4.1997826e-17
5495.268050938333,1.1359629e-15,4.2039744e-17
5496.7303097402355,1.1404037e-15,4.1741758e-17
5498.192568542138,1.1423402e-15,4.1770663e-17
5499.654827344041,1.0761611e-15,4.1097025e-17
5501.117086145944,1.0979835e-15,4.1345007e-17
5502.579344947847,1.1587333e-15,4.1822256e-17
5504.04160374975,1.172781e-15,4.1907111000000003e-17
5505.503862551652,1.1403803e-15,4.1852386e-17
5506.966121353555,1.1675637e-15,4.2125513e-17
5508.4283801554575,1.1671376e-15,4.2052116e-17
5509.89063895736,1.2240801e-15,4.2753981e-17
5511.352897759262,1.1980357e-15,4.2337641e-17
5512.815156561166,1.1758599e-15,4.2091855e-17
5514.277415363069,1.2358478e-15,4.2868471e-17
5515.739674164971,1.284167e-15,4.3320357e-17
5517.201932966874,1.2911124e-15,4.3274671000000003e-17
5518.664191768777,1.3238066e-15,4.3530540000000003e-17
5520.1264505706795,1.3404134e-15,4.3816055e-17
5521.588709372581,1.304287e-15,4.3235539e-17
5523.050968174484,1.2644013e-15,4.2825934e-17
5524.513226976388,1.2978524e-15,4.3208291e-17
5525.97548577829,1.2165857e-15,4.2503132e-17
5527.437744580193,1.2643653e-15,4.2872135e-17
5528.900003382096,1.3091851e-15,4.3019782e-17
5530.362262183999,1.3206047e-15,4.3440459e-17
5531.824520985901,1.3744596e-15,4.4141122e-17
5533.286779787803,1.36382e-15,4.404863e-17
5534.749038589707,1.3393227e-15,4.3784747e-17
5536.21129739161,1.347569e-15,4.3827404e-17
5537.673556193512,1.3689442e-15,4.4148917e-17
5539.135814995415,1.361619e-15,4.4142713e-17
5540.598073797318,1.3438495e-15,4.456911e-17
5542.06033259922,1.3673111e-15,4.7300342e-17
5543.522591401123,1.397472e-15,5.5267406e-17
5544.984850203025,1.3226139e-15,6.7459872e-17
5546.447109004929,1.4364685e-15,7.726393200000001e-17
5547.909367806831,1.4779596e-15,7.929681e-17
5549.371626608734,1.3299407e-15,7.6082954e-17
5550.833885410637,1.3973148e-15,6.7259601e-17
5552.296144212539,1.3856182e-15,5.4499095e-17
5553.758403014442,1.3906648e-15,4.7181433e-17
5555.220661816345,1.433356e-15,4.5190582000000003e-17
5556.682920618247,1.3840644e-15,4.4388729e-17
5558.14517942015,1.3627196e-15,4.4136624000000003e-17
5559.607438222053,1.420038e-15,4.4335385e-17
5561.069697023956,1.4144081e-15,4.4224246e-17
5562.531955825858,1.3552849e-15,4.3583161e-17
5563.994214627761,1.3884278e-15,4.390869e-17
5565.456473429664,1.4207921e-15,4.4034588e-17
5566.9187322315665,1.4486867e-15,4.4207159e-17
5568.380991033469,1.3692893e-15,4.3652443e-17
5569.843249835372,1.4158482e-15,4.4084289e-17
5571.305508637275,1.4356469e-15,4.4308561e-17
5572.767767439178,1.3887038e-15,4.3734048e-17
5574.23002624108,1.4060341e-15,4.4111044e-17
5575.692285042983,1.4453934e-15,4.4668542e-17
5577.154543844886,1.4332034e-15,4.4238768e-17
5578.616802646788,1.413688e-15,4.3914949e-17
5580.079061448691,1.4118808e-15,4.4185339e-17
5581.541320250594,1.4684806e-15,4.444369e-17
5583.003579052497,1.441599e-15,4.3995003000000004e-17
5584.465837854399,1.41222e-15,4.391013e-17
5585.928096656302,1.3749077e-15,4.3575925e-17
5587.390355458205,1.3430572e-15,4.3113406000000004e-17
5588.852614260107,1.3569655e-15,4.3197143e-17
5590.3148730620105,1.3546126e-15,4.3094976e-17
5591.777131863913,1.3387026e-15,4.3066341000000003e-17
5593.239390665816,1.3842786e-15,4.3863681000000003e-17
5594.701649467718,1.421938e-15,4.4338847000000003e-17
5596.163908269621,1.3977863e-15,4.3783848e-17
5597.626167071524,1.3797815e-15,4.3697062e-17
5599.088425873426,1.3400319e-15,4.3528502e-17
5600.550684675329,1.3138537e-15,4.3013805e-17
5602.0129434772325,1.3651811e-15,4.3472146000000004e-17
5603.475202279135,1.3923645e-15,4.3698118000000004e-17
5604.937461081037,1.3535611e-15,4.3074089e-17
5606.39971988294,1.3428379e-15,4.2508737e-17
5607.861978684843,1.308665e-15,4.2232833000000003e-17
5609.324237486746,1.2889359e-15,4.263721e-17
5610.786496288648,1.2827676e-15,4.2630143e-17
5612.248755090551,1.1899857e-15,4.144435e-17
5613.7110138924545,1.1875383e-15,4.1882285000000004e-17
5615.1732726943565,1.2743358e-15,4.287357e-17
5616.635531496259,1.3007386e-15,4.2654935e-17
5618.097790298162,1.2677481e-15,4.2293523000000003e-17
5619.560049100065,1.2478176e-15,4.2455471e-17
5621.022307901967,1.2520599e-15,4.2310182e-17
5622.48456670387,1.2536056e-15,4.2195874e-17
5623.946825505774,1.1694821e-15,4.1304295e-17
5625.409084307676,1.175325e-15,4.1482195000000003e-17
5626.871343109578,1.2427405e-15,4.2449568e-17
5628.333601911481,1.2641441e-15,4.2451763e-17
5629.795860713384,1.2495128e-15,4.2181333e-17
5631.258119515286,1.1936355e-15,4.1847382e-17
5632.720378317189,1.1692585e-15,4.2043379e-17
5634.182637119092,1.2022349e-15,4.286552e-17
5635.644895920995,1.2160077e-15,4.3222334e-17
5637.107154722898,1.1434439e-15,4.2761405000000003e-17
5638.5694135248,1.1122524e-15,4.2983066e-17
5640.031672326703,1.1486579e-15,4.3517133e-17
5641.493931128605,1.1733968e-15,4.3871277e-17
5642.956189930508,1.1503543e-15,4.4051968e-17
5644.418448732411,1.084187e-15,4.3414802e-17
5645.880707534314,1.0848353e-15,4.3075991e-17
5647.342966336217,1.0926825e-15,4.3621218e-17
5648.80522513812,1.0861729e-15,4.4630949e-17
5650.267483940022,1.0638825e-15,4.571753e-17
5651.729742741924,1.0313996e-15,4.6990757e-17
5653.192001543827,1.0066454e-15,4.8204309e-17
5654.65426034573,1.0181165e-15,4.9681591e-17
5656.116519147633,1.068504e-15,5.147229e-17
5657.578777949536,1.0582949e-15,5.223891e-17
5659.041036751439,1.0318611e-15,5.1828072e-17
5660.503295553342,1.0275577e-15,5.0818726e-17
5661.9655543552435,1.043266e-15,4.9740321e-17
5663.427813157146,1.049058e-15,4.8426401e-17
5664.890071959049,1.0381983e-15,4.6296042e-17
5666.352330760952,1.0150504e-15,4.4373771e-17
5667.814589562854,9.479677200000001e-16,4.3143119e-17
5669.276848364758,9.0790179e-16,4.2009971e-17
5670.739107166661,9.4338146e-16,4.1807212e-17
5672.201365968563,9.885362600000002e-16,4.2352503000000003e-17
5673.6636247704655,9.633426400000001e-16,4.1619028e-17
5675.125883572368,9.473528800000002e-16,4.054025e-17
5676.588142374271,9.866468500000001e-16,4.0551773e-17
5678.050401176173,9.680798800000002e-16,4.014714e-17
5679.512659978077,8.9936984e-16,3.9692108e-17
5680.97491877998,9.2551171e-16,3.9984437000000003e-17
5682.437177581883,9.901727300000002e-16,4.00044e-17
5683.899436383785,9.6100684e-16,3.9423626e-17
5685.3616951856875,9.267158800000001e-16,3.9025821e-17
5686.82395398759,9.1810473e-16,3.8933833e-17
5688.286212789492,9.033676300000002e-16,3.937671e-17
5689.748471591395,9.330057300000001e-16,3.9881657e-17
5691.210730393299,9.7043146e-16,3.9873843000000003e-17
5692.672989195202,9.4532921e-16,3.9360182e-17
5694.135247997104,9.267390700000001e-16,3.9245792e-17
5695.597506799007,9.494441000000002e-16,3.9371102e-17
5697.0597656009095,8.9180965e-16,3.8586632e-17
5698.522024402811,7.919224400000001e-16,3.73169e-17
5699.984283204714,8.250449800000001e-16,3.7718365e-17
5701.446542006617,8.472178100000001e-16,3.8090217e-17
5702.908800808521,8.596563900000001e-16,3.7725138e-17
5704.371059610423,8.8840119e-16,3.7581879e-17
5705.833318412326,8.966015300000001e-16,3.7766969e-17
5707.295577214229,8.942640300000001e-16,3.8223672e-17
5708.757836016131,9.2428023e-16,3.8589188e-17
5710.220094818033,9.4694842e-16,3.8324323e-17
5711.682353619936,9.0628449e-16,3.7888129e-17
5713.14461242184,8.888077700000001e-16,3.8257947e-17
5714.606871223742,8.9351293e-16,3.8654584e-17
5716.069130025645,8.7665612e-16,3.8110945e-17
5717.531388827548,8.100094e-16,3.7022653e-17
5718.993647629451,8.019169500000001e-16,3.7248496e-17
5720.455906431353,8.1567859e-16,3.7787626000000003e-17
5721.918165233255,8.315248300000001e-16,3.8476377e-17
5723.380424035158,8.2384854e-16,3.8441119e-17
5724.842682837061,7.611367100000001e-16,3.7289949e-17
5726.304941638964,8.051292700000001e-16,3.7587566e-17
5727.767200440867,8.331024800000001e-16,3.8188409e-17
5729.22945924277,8.255631000000001e-16,3.8221173000000004e-17
5730.691718044672,8.371263700000001e-16,3.8179106e-17
5732.153976846575,8.688348300000001e-16,3.8618276e-17
5733.616235648477,9.1722805e-16,3.9704978e-17
5735.078494450379,9.122098000000001e-16,4.0530463e-17
5736.540753252283,8.661109900000001e-16,4.1701626e-17
5738.003012054186,8.707230300000001e-16,4.3208025e-17
5739.465270856089,8.849710200000001e-16,4.3567769e-17
5740.927529657991,8.940910300000001e-16,4.3200287e-17
5742.389788459894,9.2459141e-16,4.2225761e-17
5743.8520472617965,9.147886e-16,4.064303e-17
5745.3143060636985,8.833455700000001e-16,3.9156527000000003e-17
5746.776564865602,9.0509271e-16,3.8899944000000004e-17
5748.238823667505,8.852455200000001e-16,3.8527238e-17
5749.701082469408,9.1694144e-16,3.8972351e-17
5751.16334127131,9.5409601e-16,3.9310157e-17
5752.625600073213,9.3317503e-16,3.9174696000000004e-17
5754.087858875116,8.789234200000001e-16,3.8974284e-17
5755.5501176770185,8.984517600000001e-16,4.0394717e-17
5757.0123764789205,9.5559674e-16,4.2423124e-17
5758.474635280824,9.982095900000002e-16,4.3672098e-17
5759.936894082727,9.6171634e-16,4.3784932e-17
5761.399152884629,9.3589136e-16,4.3473944e-17
5762.861411686532,9.4350576e-16,4.203052e-17
5764.323670488435,9.7404946e-16,4.1313833000000004e-17
5765.785929290338,1.0331643e-15,4.1548329e-17
5767.24818809224,1.0109088e-15,4.0563764e-17
5768.7104468941425,9.8412883e-16,4.0063915e-17
5770.172705696046,9.761497800000001e-16,4.0552844e-17
5771.634964497948,9.759001200000001e-16,4.0626129e-17
5773.097223299851,9.7359672e-16,4.0135519e-17
5774.559482101754,1.0224979e-15,4.0406907e-17
5776.021740903657,1.0241045e-15,4.0337952e-17
5777.483999705559,1.0397995e-15,4.0871018e-17
5778.946258507462,1.1048069e-15,4.195103e-17
5780.408517309365,1.0872999e-15,4.1596808e-17
5781.870776111267,1.0949887e-15,4.1543165e-17
5783.33303491317,1.1226907e-15,4.1450897e-17
5784.795293715073,1.0577329e-15,4.0868219e-17
5786.257552516976,1.0532766e-15,4.1093457e-17
5787.719811318878,1.0854214e-15,4.1559175e-17
5789.182070120781,1.0927227e-15,4.1806408e-17
5790.644328922684,1.0954086e-15,4.2181073000000004e-17
5792.106587724587,1.1240309e-15,4.2946805e-17
5793.568846526489,1.1725951e-15,4.3151218e-17
5795.031105328392,1.1339144e-15,4.2264062e-17
5796.493364130295,1.1490402e-15,4.2679305e-17
5797.955622932197,1.1980678e-15,4.3731211e-17
5799.4178817341,1.1749652e-15,4.3210534e-17
5800.880140536003,1.1954194e-15,4.2954033e-17
5802.3423993379065,1.1775716e-15,4.322776e-17
5803.804658139808,1.2268556e-15,4.4084339e-17
5805.266916941711,1.2574304e-15,4.4408305e-17
5806.729175743614,1.2094477e-15,4.4054973e-17
5808.191434545516,1.2000608e-15,4.4003911e-17
5809.653693347419,1.2316108e-15,4.4252128e-17
5811.115952149322,1.2851919e-15,4.4982863e-17
5812.578210951225,1.2827394e-15,4.4850885e-17
5814.040469753128,1.2883326e-15,4.4710833e-17
5815.50272855503,1.2851526e-15,4.4831761e-17
5816.964987356933,1.2739317e-15,4.4880347000000003e-17
5818.427246158835,1.3099026e-15,4.5196397e-17
5819.889504960738,1.279954e-15,4.5150649e-17
5821.351763762641,1.2521628e-15,4.5162976e-17
5822.814022564544,1.2907338e-15,4.5408008e-17
5824.276281366446,1.3340332e-15,4.5525568e-17
5825.73854016835,1.3317179e-15,4.5890965000000003e-17
5827.200798970252,1.3025824e-15,4.5963664000000004e-17
5828.663057772155,1.375371e-15,4.6248584e-17
5830.125316574057,1.3507977e-15,4.6071711000000003e-17
5831.58757537596,1.3060781e-15,4.5741006000000004e-17
5833.049834177863,1.3770797e-15,4.6928086e-17
5834.512092979765,1.3805147e-15,4.7721054e-17
5835.974351781669,1.3295982e-15,4.6958118e-17
5837.436610583572,1.329058e-15,4.6756824e-17
5838.898869385474,1.3451417e-15,4.6990395000000003e-17
5840.361128187376,1.3579237e-15,4.6729272e-17
5841.823386989279,1.3710267e-15,4.590827e-17
5843.285645791182,1.3214028e-15,4.5075656e-17
5844.747904593084,1.3449391e-15,4.5229753e-17
5846.210163394987,1.3795874e-15,4.5058549e-17
5847.672422196891,1.3660482e-15,4.4260083e-17
5849.134680998794,1.375708e-15,4.4136652e-17
5850.5969398006955,1.4189436e-15,4.4253791e-17
5852.059198602598,1.4112101e-15,4.4559568e-17
5853.521457404501,1.3748462e-15,4.5778895000000003e-17
5854.983716206403,1.3795271e-15,4.8435725000000003e-17
5856.445975008306,1.3835702e-15,5.2176556000000003e-17
5857.908233810209,1.3651156e-15,5.4558893e-17
5859.370492612113,1.3627762e-15,5.4964909e-17
5860.832751414015,1.3418679e-15,5.4588730000000004e-17
5862.2950102159175,1.3448516e-15,5.455833e-17
5863.75726901782,1.4058261e-15,5.4232321e-17
5865.219527819723,1.4276585e-15,5.2605217e-17
5866.681786621625,1.4157199e-15,5.0402120000000003e-17
5868.144045423528,1.4436557e-15,4.8561401e-17
5869.606304225432,1.454231e-15,4.6818916e-17
5871.068563027334,1.3759975e-15,4.4783192e-17
5872.530821829237,1.3385024e-15,4.4039903e-17
5873.9930806311395,1.3796779e-15,4.4632419e-17
5875.455339433042,1.4597437e-15,4.548522e-17
5876.917598234944,1.4843551e-15,4.5889831e-17
5878.379857036847,1.4042164e-15,4.5878422e-17
5879.84211583875,1.3933882e-15,4.5957962e-17
5881.304374640653,1.4381091e-15,4.6009923e-17
5882.766633442556,1.4207779e-15,4.5964135e-17
5884.228892244459,1.375597e-15,4.6044146e-17
5885.6911510463615,1.3491619e-15,4.5812016e-17
5887.153409848263,1.2963284e-15,4.5171501e-17
5888.615668650166,1.225123e-15,4.4569949e-17
5890.077927452069,1.1399135e-15,4.3753419e-17
5891.540186253971,1.1106679e-15,4.3702946e-17
5893.002445055875,1.1283456e-15,4.4127101e-17
5894.464703857778,1.1315912e-15,4.4315172e-17
5895.926962659681,1.1719336e-15,4.4809398e-17
5897.389221461583,1.1839647e-15,4.5260029e-17
5898.851480263485,1.2038566e-15,4.58164e-17
5900.313739065388,1.2317558e-15,4.6374244e-17
5901.775997867291,1.2549324e-15,4.655889e-17
5903.238256669194,1.2840815e-15,4.6805137e-17
5904.700515471097,1.2792976e-15,4.7042853e-17
5906.162774273,1.3007384e-15,4.6548105e-17
5907.625033074902,1.2790357e-15,4.5674016000000004e-17
5909.087291876805,1.2832181e-15,4.5486342e-17
5910.549550678707,1.3351124e-15,4.5757087e-17
5912.01180948061,1.2961327e-15,4.6162034000000003e-17
5913.474068282512,1.2417036e-15,4.6200256e-17
5914.936327084416,1.2147964e-15,4.5419712e-17
5916.398585886319,1.2517696e-15,4.542226e-17
5917.860844688221,1.2790024e-15,4.5631453e-17
5919.323103490124,1.2574973e-15,4.5715557e-17
5920.785362292027,1.2489941e-15,4.5877508e-17
5922.247621093929,1.2329669e-15,4.5352242e-17
5923.709879895831,1.2044067e-15,4.4965761e-17
5925.172138697735,1.1769557e-15,4.4771711e-17
5926.634397499638,1.1600011e-15,4.4435457e-17
5928.09665630154,1.1611437e-15,4.4487891e-17
5929.558915103443,1.1689887e-15,4.4720862000000004e-17
5931.021173905346,1.1716387e-15,4.4513617e-17
5932.4834327072485,1.184056e-15,4.4127849e-17
5933.9456915091505,1.1757675e-15,4.372031e-17
5935.407950311053,1.2067532e-15,4.3962726e-17
5936.870209112957,1.1746742e-15,4.4096355e-17
5938.33246791486,1.1092863e-15,4.3957465000000004e-17
5939.794726716762,1.1675539e-15,4.4271579e-17
5941.256985518665,1.1829208e-15,4.4375509e-17
5942.719244320568,1.1902247e-15,4.4613537e-17
5944.18150312247,1.1685188e-15,4.4317374e-17
5945.6437619243725,1.0895895e-15,4.3524171e-17
5947.106020726275,1.0849822e-15,4.3330675e-17
5948.568279528179,1.0633281e-15,4.3025906e-17
5950.030538330081,1.0276825e-15,4.2646221e-17
5951.492797131984,1.0036492e-15,4.2256347e-17
5952.955055933887,1.0222477e-15,4.214962e-17
5954.417314735789,1.0926964e-15,4.2198756000000004e-17
5955.879573537692,1.1268306e-15,4.2269078e-17
5957.3418323395945,1.0789075e-15,4.2160293e-17
5958.804091141498,1.0686288e-15,4.1853217e-17
5960.2663499434,1.0765137e-15,4.1721068e-17
5961.728608745303,1.0792026e-15,4.2004018e-17
5963.190867547206,1.0927428e-15,4.2342724e-17
5964.653126349108,1.0406289e-15,4.1713398e-17
5966.115385151011,1.0109258e-15,4.1452266e-17
5967.577643952914,1.0086296e-15,4.1448861000000003e-17
5969.0399027548165,9.9506561e-16,4.0959528e-17
5970.502161556719,9.9482315e-16,4.0862447e-17
5971.964420358622,9.675455100000001e-16,4.092595e-17
5973.426679160525,9.474898900000002e-16,4.0857907000000003e-17
5974.888937962428,9.7459823e-16,4.105729e-17
5976.35119676433,9.7282909e-16,4.0690057e-17
5977.813455566233,9.788215300000001e-16,4.005211e-17
5979.275714368136,9.943968800000001e-16,3.9847991e-17
5980.737973170038,9.5279009e-16,3.9657592e-17
5982.200231971941,9.6543651e-16,3.9948686e-17
5983.662490773844,9.521554500000001e-16,3.9587896e-17
5985.124749575747,9.0225664e-16,3.9299371e-17
5986.587008377649,9.2846119e-16,3.9843821e-17
5988.049267179552,9.295638100000002e-16,3.9474622e-17
5989.511525981455,8.712146300000001e-16,3.8616714e-17
5990.973784783357,8.401937400000001e-16,3.8735617e-17
5992.43604358526,8.540764e-16,3.887335e-17
5993.898302387163,8.880418400000001e-16,3.9035651000000003e-17
5995.360561189066,9.428654100000001e-16,3.9452374e-17
5996.822819990968,9.2351875e-16,3.885522e-17
5998.285078792871,8.5733509e-16,3.8310167000000004e-17
5999.747337594774,9.0357547e-16,3.866327e-17
6001.209596396676,9.1997561e-16,3.868045e-17
6002.671855198579,8.632237200000001e-16,3.8387378e-17
6004.134114000482,8.847071200000001e-16,3.8559653e-17
6005.596372802385,8.9781998e-16,3.8278737e-17
6007.058631604287,8.7375657e-16,3.7764696e-17
6008.52089040619,8.354521000000001e-16,3.72884e-17
6009.983149208093,8.103718300000001e-16,3.7156288e-17
6011.445408009996,8.6204798e-16,3.7898114e-17
6012.907666811898,8.568140100000001e-16,3.7704611e-17
6014.369925613802,7.969888600000001e-16,3.6957715e-17
6015.832184415704,7.933378300000001e-16,3.6916873000000004e-17
6017.294443217606,7.767128e-16,3.670869e-17
6018.756702019509,7.9248376e-16,3.673998e-17
6020.218960821412,8.174226900000001e-16,3.6873689e-17
6021.681219623315,7.930059000000001e-16,3.6507254e-17
6023.143478425217,8.155846300000001e-16,3.6546086e-17
6024.60573722712,8.313884600000001e-16,3.6653471e-17
6026.067996029024,8.085912000000001e-16,3.6419044e-17
6027.5302548309255,8.376007600000001e-16,3.6831138e-17
6028.992513632828,8.344163900000001e-16,3.6911359e-17
6030.454772434731,7.6677875e-16,3.6125185e-17
6031.917031236634,7.510184300000001e-16,3.6013887e-17
6033.379290038536,7.729872300000001e-16,3.6483236e-17
6034.841548840439,7.828812100000001e-16,3.6462292e-17
6036.303807642342,8.0919667e-16,3.6333492e-17
6037.766066444245,7.801932100000001e-16,3.594906e-17
6039.2283252461475,7.529912200000001e-16,3.5711283e-17
6040.69058404805,7.487363600000001e-16,3.580507e-17
6042.152842849953,7.503672200000001e-16,3.5613016e-17
6043.615101651855,7.7067287e-16,3.55685e-17
6045.077360453758,7.866684000000001e-16,3.5877394e-17
6046.539619255661,8.193784900000001e-16,3.628439e-17
6048.001878057565,7.787005800000001e-16,3.5607202e-17
6049.464136859467,7.3833654e-16,3.5180854e-17
6050.9263956613695,7.507277900000001e-16,3.5447182e-17
6052.388654463272,7.743055900000001e-16,3.5633107e-17
6053.850913265174,7.933237000000001e-16,3.5906127e-17
6055.313172067077,7.586458000000001e-16,3.5659256e-17
6056.77543086898,7.3213489e-16,3.5296487e-17
6058.237689670883,6.950602500000001e-16,3.4910736e-17
6059.699948472786,7.060534700000001e-16,3.5008561e-17
6061.162207274689,8.153955800000001e-16,3.6022656e-17
6062.6244660765915,8.4458582e-16,3.6239865e-17
6064.086724878493,8.350514000000001e-16,3.5771124e-17
6065.548983680396,8.255170400000001e-16,3.6051568e-17
6067.011242482299,8.159826300000001e-16,4.01215e-17
6068.473501284202,8.0644821e-16,4.6318201e-17
6069.935760086104,7.969138000000001e-16,5.2763566e-17
6071.398018888008,7.873794300000001e-16,5.1017835e-17
6072.860277689911,7.7784502e-16,3.9623444e-17
6074.322536491813,7.6831061e-16,3.5444521000000003e-17
6075.784795293715,7.587762400000001e-16,3.7135624e-17
6077.247054095618,7.492418300000001e-16,3.7208504e-17
6078.709312897521,7.492418300000001e-16,3.7240554e-17
6080.171571699423,7.957623600000001e-16,3.766686e-17
6081.633830501327,8.3159953e-16,3.7855482e-17
6083.09608930323,7.769020600000001e-16,3.7317015e-17
6084.558348105133,7.282165100000001e-16,3.6556995e-17
6086.020606907035,7.156960900000001e-16,3.6121914e-17
6087.482865708937,7.126432300000001e-16,3.5754686000000003e-17
6088.94512451084,7.562445700000001e-16,3.5629286e-17
6090.407383312742,7.9354028e-16,3.5747861e-17
6091.869642114645,7.553550800000001e-16,3.894408e-17
6093.331900916549,7.392080400000001e-16,4.1114185e-17
6094.794159718452,7.964447500000001e-16,3.7563365e-17
6096.256418520354,8.323094500000001e-16,3.5183689e-17
6097.718677322257,8.261820100000001e-16,3.574017e-17
6099.180936124159,7.564063000000001e-16,3.4988213e-17
6100.643194926061,6.9389167e-16,3.4394617e-17
6102.105453727964,7.5622689e-16,3.5095862e-17
6103.567712529867,7.895695400000001e-16,3.5301219e-17
6105.029971331771,7.647786900000001e-16,3.4913185e-17
6106.492230133673,7.676657500000001e-16,3.4941515e-17
6107.954488935576,7.7284223e-16,3.5225747e-17
6109.4167477374785,7.934408600000001e-16,3.556147e-17
6110.8790065393805,7.814561300000001e-16,3.5476272e-17
6112.341265341283,7.7983195e-16,3.5442455e-17
6113.803524143186,8.1102806e-16,3.5786747e-17
6115.26578294509,8.2996841e-16,3.5655439000000003e-17
6116.728041746992,8.607008300000001e-16,3.795609e-17
6118.190300548895,8.529884400000001e-16,4.624889e-17
6119.652559350798,8.228590500000001e-16,5.2836658e-17
6121.1148181527005,8.6632216e-16,4.9845892e-17
6122.5770769546025,9.1161127e-16,4.1115439000000003e-17
6124.039335756505,8.662547700000001e-16,3.7324317000000003e-17
6125.501594558408,8.4460509e-16,3.8244559000000004e-17
6126.963853360311,8.777771200000001e-16,3.8764477e-17
6128.426112162214,8.259643800000001e-16,3.8265497000000003e-17
6129.888370964117,7.527252500000001e-16,3.7288067000000003e-17
6131.35062976602,7.507287400000001e-16,3.6566885e-17
6132.812888567922,7.6154493e-16,3.5727519e-17
6134.2751473698245,7.5493262e-16,3.4916233e-17
6135.737406171727,7.9664518e-16,3.4922956e-17
6137.19966497363,8.1070762e-16,3.5026348e-17
6138.661923775533,7.962795300000001e-16,3.4761663000000003e-17
6140.124182577436,7.9100871e-16,3.4433213e-17
6141.586441379339,7.793304500000001e-16,3.4193552e-17
6143.048700181241,7.974312800000001e-16,3.4343335e-17
6144.510958983144,7.7790564e-16,3.4016672e-17
6145.9732177850465,7.700143100000001e-16,3.3787645e-17
6147.435476586948,8.175934700000001e-16,3.4277792e-17
6148.897735388852,8.580773e-16,3.4653862000000003e-17
6150.359994190755,8.620426900000001e-16,3.4596093e-17
6151.822252992658,8.647632500000001e-16,3.4699363e-17
6153.28451179456,8.547885900000001e-16,3.4533973e-17
6154.746770596463,8.142926400000001e-16,3.3985735e-17
6156.209029398366,8.437146400000001e-16,3.4497998e-17
6157.6712882002685,8.869876500000001e-16,3.5124583e-17
6159.13354700217,8.306740900000001e-16,3.4552516e-17
6160.595805804074,8.174491000000001e-16,3.4277033e-17
6162.058064605977,8.8994353e-16,3.5085922e-17
6163.520323407879,9.175518300000002e-16,3.5131257e-17
6164.982582209782,8.665039100000001e-16,3.4247205e-17
6166.444841011685,8.377503700000001e-16,3.4120681e-17
6167.907099813588,8.6797075e-16,3.4543976e-17
6169.36935861549,8.802109600000001e-16,3.4859525e-17
6170.831617417393,8.816366300000001e-16,3.4829903e-17
6172.293876219296,9.086627500000002e-16,3.4811156e-17
6173.756135021198,8.9826595e-16,3.4827547e-17
6175.218393823101,8.502909000000001e-16,3.4347550000000003e-17
6176.680652625004,8.319853500000001e-16,3.4154741e-17
6178.142911426907,8.227299300000001e-16,3.4238783000000004e-17
6179.605170228809,8.9166184e-16,3.4870021e-17
6181.0674290307115,9.077206300000002e-16,3.4806657e-17
6182.529687832615,8.9189711e-16,3.4486369e-17
6183.991946634517,9.389933e-16,3.4752412000000003e-17
6185.45420543642,9.437603000000001e-16,3.4597736e-17
6186.916464238323,9.551118100000001e-16,3.48574e-17
6188.378723040226,9.8384084e-16,3.5128299e-17
6189.840981842128,9.676844300000002e-16,3.4857988000000003e-17
6191.303240644031,9.540227400000002e-16,3.4565288e-17
6192.7654994459335,8.7925112e-16,3.3968729e-17
6194.227758247837,8.755689e-16,3.3878753e-17
6195.690017049739,9.622907300000002e-16,3.4373309e-17
6197.152275851642,9.939109e-16,3.4735046e-17
6198.614534653545,9.8754481e-16,3.5146158e-17
6200.076793455447,9.9620043e-16,3.5698256e-17
6201.53905225735,1.0244363e-15,3.6270074e-17
6203.001311059253,9.9488011e-16,3.6233911e-17
6204.463569861156,9.7538999e-16,3.6112541e-17
6205.925828663058,9.7717681e-16,3.5701835e-17
6207.388087464961,1.0640452e-15,3.6055209e-17
6208.850346266864,1.0601877e-15,3.5900089e-17
6210.312605068766,9.870739600000002e-16,3.5015957000000003e-17
6211.774863870669,9.8268961e-16,3.4888434e-17
6213.237122672572,9.6597638e-16,3.461508e-17
6214.699381474475,1.0444804e-15,3.4929721000000003e-17
6216.1616402763775,1.0872907e-15,3.515857e-17
6217.62389907828,1.048394e-15,3.5005731e-17
6219.086157880183,1.0632077e-15,3.5280986e-17
6220.548416682085,1.0809002e-15,3.5410557e-17
6222.010675483988,1.0212752e-15,3.5494984e-17
6223.472934285891,1.0329991e-15,3.6187075e-17
6224.935193087794,1.0788178e-15,3.7035e-17
6226.397451889696,1.0814043e-15,3.6891702e-17
6227.8597106915995,1.0325937e-15,3.5649584000000003e-17
6229.321969493502,9.980302300000001e-16,3.512899e-17
6230.784228295405,1.0341758e-15,3.5510405e-17
6232.246487097307,1.0466287e-15,3.5628199e-17
6233.70874589921,1.0396167e-15,3.5543030000000003e-17
6235.171004701113,1.0199749e-15,3.4892899e-17
6236.633263503015,1.0231279e-15,3.4365305e-17
6238.095522304919,1.059618e-15,3.4715265e-17
6239.5577811068215,1.0226312e-15,3.4592512e-17
6241.020039908724,1.0641812e-15,3.5373048e-17
6242.482298710626,1.1013776e-15,3.6091527000000003e-17
6243.944557512529,1.0934001e-15,3.6030091e-17
6245.406816314432,1.0731758e-15,3.5977701000000003e-17
6246.869075116334,1.0254202e-15,3.5240793000000003e-17
6248.331333918237,9.6342713e-16,3.4027651e-17
6249.793592720141,9.792178400000002e-16,3.4043501e-17
6251.2558515220435,1.0297726e-15,3.4910377e-17
6252.718110323945,1.0524962e-15,3.5194319e-17
6254.180369125848,1.1190899e-15,3.554114e-17
6255.642627927751,1.0415336e-15,3.5188852e-17
6257.104886729653,9.6208459e-16,3.4491831e-17
6258.567145531556,9.881607100000001e-16,3.4217063e-17
6260.02940433346,1.0082892e-15,3.4594661e-17
6261.491663135363,1.0584056e-15,3.5334262e-17
6262.953921937265,9.945349500000001e-16,3.5991012e-17
6264.416180739167,9.398463700000001e-16,3.7884969e-17
6265.87843954107,1.0048901e-15,3.9622092e-17
6267.340698342973,1.0144337e-15,3.9706235e-17
6268.802957144875,1.0206498e-15,3.9135148e-17
6270.265215946778,1.0365016e-15,3.7856145e-17
6271.727474748682,1.0112433e-15,3.6288597e-17
6273.189733550584,9.036044800000001e-16,3.4999067e-17
6274.651992352487,8.5696822e-16,3.4472753000000003e-17
6276.114251154389,9.6831409e-16,3.4236719e-17
6277.576509956292,1.0314681e-15,3.7060934e-17
6279.038768758194,1.0382458e-15,4.4396422000000004e-17
6280.501027560097,1.0966487e-15,4.3304816e-17
6281.963286362,1.0722965e-15,3.5211093e-17
6283.425545163903,9.5294648e-16,3.2277095e-17
6284.887803965806,9.1358718e-16,3.2760714e-17
6286.350062767709,9.361527800000001e-16,3.2961022e-17
6287.812321569611,8.794042700000001e-16,3.2419374e-17
6289.274580371513,8.592406500000001e-16,3.2057147e-17
6290.736839173416,8.9196307e-16,3.208211e-17
6292.199097975319,8.570160800000001e-16,3.1902337e-17
6293.661356777222,8.177639900000001e-16,3.1990233e-17
6295.123615579125,8.6257325e-16,3.2562256e-17
6296.585874381028,9.0110817e-16,3.3142009e-17
6298.0481331829305,8.779211700000001e-16,3.3096553e-17
6299.5103919848325,8.400935800000001e-16,3.2329614e-17
6300.972650786735,8.145542600000001e-16,3.1801036e-17
6302.434909588638,8.352972500000001e-16,3.1920808e-17
6303.897168390541,8.339333700000001e-16,3.1759926e-17
6305.359427192444,8.167659700000001e-16,3.1344282e-17
6306.821685994347,8.164254100000001e-16,3.0963471e-17
6308.28394479625,8.338092800000001e-16,3.132767e-17
6309.746203598152,8.4124215e-16,3.1641455e-17
6311.2084624000545,7.947963700000001e-16,3.0862238e-17
6312.670721201957,7.9821754e-16,3.0813365e-17
6314.13298000386,8.395560800000001e-16,3.135754e-17
6315.595238805762,8.139887100000001e-16,3.128044e-17
6317.057497607666,7.4979748e-16,3.0738011000000003e-17
6318.519756409569,7.3695953e-16,3.0213664e-17
6319.982015211471,8.0285049e-16,3.0792698e-17
6321.444274013374,8.5326743e-16,3.1703966e-17
6322.9065328152765,8.3052708e-16,3.1887282e-17
6324.368791617179,8.009375700000001e-16,3.1620671e-17
6325.831050419081,8.079585200000001e-16,3.1457081e-17
6327.293309220985,8.3249776e-16,3.1963955e-17
6328.755568022888,8.025474700000001e-16,3.2253920000000003e-17
6330.21782682479,7.479072800000001e-16,3.1885539e-17
6331.680085626693,7.695669700000001e-16,3.1709326e-17
6333.142344428596,8.150072100000001e-16,3.1610879e-17
6334.6046032304985,8.2322693e-16,3.1125926e-17
6336.0668620324,7.8373259e-16,3.0382888e-17
6337.529120834303,7.7036016e-16,3.0172267e-17
6338.991379636207,8.254748500000001e-16,3.0624669e-17
6340.45363843811,8.403426600000001e-16,3.0726056e-17
6341.915897240012,8.338955700000001e-16,3.0513531e-17
6343.378156041915,8.700446100000001e-16,3.09219e-17
6344.840414843818,8.8283692e-16,3.1268240000000003e-17
6346.30267364572,8.678769500000001e-16,3.1208657000000003e-17
6347.764932447622,8.363129e-16,3.1023209000000003e-17
6349.227191249525,8.046575800000001e-16,3.0825649e-17
6350.689450051429,8.526135700000001e-16,3.1283511e-17
6352.151708853331,8.823514700000001e-16,3.1475346e-17
6353.613967655234,8.543130400000001e-16,3.1097984e-17
6355.076226457137,8.200694e-16,3.0531638e-17
6356.538485259039,8.240997400000001e-16,3.0315052e-17
6358.0007440609415,8.884638700000001e-16,3.0792445e-17
6359.463002862844,9.1430663e-16,3.089167e-17
6360.925261664748,9.0138769e-16,3.0718926e-17
6362.38752046665,8.9145358e-16,3.0730435e-17
6363.849779268553,8.590185200000001e-16,3.072003e-17
6365.312038070456,9.2246398e-16,3.1287846e-17
6366.774296872358,9.4960038e-16,3.1498714e-17
6368.236555674261,9.155353600000001e-16,3.1409496e-17
6369.6988144761635,9.718140300000002e-16,3.1884664000000003e-17
6371.161073278066,1.0292403e-15,3.2045474e-17
6372.623332079969,9.8625435e-16,3.159015e-17
6374.085590881872,9.562937400000001e-16,3.1451896000000003e-17
6375.547849683775,9.3924752e-16,3.1380708000000004e-17
6377.010108485678,9.1836286e-16,3.1191304e-17
6378.47236728758,9.4242527e-16,3.1483466e-17
6379.934626089483,9.8717455e-16,3.193981e-17
6381.3968848913855,1.0141899e-15,3.1898599e-17
6382.859143693288,1.0421844e-15,3.1948565e-17
6384.321402495191,1.0400962e-15,3.2065845e-17
6385.783661297094,1.0083924e-15,3.1957522e-17
6387.245920098997,1.0370391e-15,3.213896e-17
6388.708178900899,1.0331041e-15,3.1918263e-17
6390.170437702802,1.0311364e-15,3.1892471e-17
6391.632696504705,1.081769e-15,3.2322959e-17
6393.094955306607,1.095451e-15,3.2352773e-17
6394.55721410851,1.1342527e-15,3.2496767000000003e-17
6396.019472910413,1.0967127e-15,3.2236328e-17
6397.481731712316,1.0594113e-15,3.2072563e-17
6398.943990514218,1.0948067e-15,3.2334595e-17
6400.406249316121,1.1715662e-15,3.268531e-17
6401.868508118024,1.1653991e-15,3.2764746e-17
6403.330766919926,1.1530699e-15,3.3034182e-17
6404.793025721829,1.1426931e-15,3.280318e-17
6406.255284523732,1.1050823e-15,3.2365765e-17
6407.717543325635,1.1094155e-15,3.242381e-17
6409.179802127537,1.135789e-15,3.2793414e-17
6410.64206092944,1.1509814e-15,3.2954383e-17
6412.104319731343,1.1389949e-15,3.2670816e-17
6413.566578533246,1.164825e-15,3.2849251e-17
6415.028837335148,1.2214323e-15,3.3388373e-17
6416.4910961370515,1.1907579e-15,3.3274289e-17
6417.953354938954,1.1757498e-15,3.3096811e-17
6419.415613740856,1.2338494e-15,3.3768121e-17
6420.877872542759,1.220181e-15,3.3912522000000004e-17
6422.340131344662,1.1835581e-15,3.3586152e-17
6423.802390146565,1.1997794e-15,3.3361485e-17
6425.264648948467,1.2660289e-15,3.3876903e-17
6426.72690775037,1.271703e-15,3.4287893e-17
6428.1891665522735,1.2889406e-15,3.4436038e-17
6429.651425354175,1.3384836e-15,3.481099e-17
6431.113684156078,1.3867387e-15,3.5330267e-17
6432.575942957981,1.3453505e-15,3.5001192e-17
6434.038201759884,1.2628891e-15,3.4313694e-17
6435.500460561786,1.3003695e-15,3.4523328e-17
6436.962719363689,1.3242562e-15,3.462551e-17
6438.424978165592,1.3431558e-15,3.4850922e-17
6439.887236967495,1.3373149e-15,3.4597378e-17
6441.349495769397,1.2443122e-15,3.3624715e-17
6442.8117545713,1.2938743e-15,3.4103213e-17
6444.274013373203,1.3745493e-15,3.4569766e-17
6445.736272175105,1.3593763e-15,3.4293273e-17
6447.198530977008,1.3096874e-15,3.3954795e-17
6448.660789778911,1.3458865e-15,3.4010835e-17
6450.123048580815,1.4035348e-15,3.4649921e-17
6451.585307382717,1.3461192e-15,3.4568822e-17
6453.047566184619,1.3750282e-15,3.4606899e-17
6454.509824986522,1.4315263e-15,3.5240225000000003e-17
6455.972083788424,1.4919436e-15,3.5865006e-17
6457.434342590327,1.5074242e-15,3.5678339000000003e-17
6458.89660139223,1.4526756e-15,3.5686222e-17
6460.358860194133,1.4670839e-15,3.6234756e-17
6461.821118996036,1.4841568e-15,3.6294581e-17
6463.283377797939,1.4937312e-15,3.6297988e-17
6464.745636599841,1.4804734e-15,3.6595759000000004e-17
6466.207895401743,1.462458e-15,3.6585906e-17
6467.670154203646,1.4940336e-15,3.6460416e-17
6469.132413005549,1.5472339e-15,3.6460701e-17
6470.594671807452,1.5309194e-15,3.6427019e-17
6472.056930609355,1.4925559e-15,3.6349204e-17
6473.519189411258,1.5101676e-15,3.627952e-17
6474.981448213161,1.5619281e-15,3.6467941e-17
6476.4437070150625,1.6212034e-15,3.6588839e-17
6477.905965816965,1.6319391e-15,3.6517667000000003e-17
6479.368224618868,1.5504601e-15,3.6126591e-17
6480.830483420771,1.5217099e-15,3.6122089e-17
6482.292742222673,1.5173043e-15,3.5931947e-17
6483.755001024577,1.5119056e-15,3.5633287e-17
6485.21725982648,1.5976818e-15,3.6233515e-17
6486.6795186283825,1.6880479e-15,3.6974631e-17
6488.1417774302845,1.6451732e-15,3.6818361e-17
6489.604036232187,1.5989839e-15,3.6861337e-17
6491.06629503409,1.6463728e-15,3.7262533e-17
6492.528553835992,1.6214219e-15,3.6878082000000004e-17
6493.990812637895,1.6360004e-15,3.6765582e-17
6495.453071439799,1.7366382e-15,3.7733388e-17
6496.915330241702,1.7023634e-15,3.7910648e-17
6498.377589043604,1.6619186e-15,3.7574373e-17
6499.8398478455065,1.6343639e-15,3.7252612e-17
6501.302106647409,1.6911576e-15,3.7568019e-17
6502.764365449311,1.7314294e-15,3.757374e-17
6504.226624251214,1.7134797e-15,3.7278209e-17
6505.688883053118,1.7624227e-15,3.7638707e-17
6507.151141855021,1.7502982e-15,3.7792550000000003e-17
6508.613400656923,1.72746e-15,3.7759233e-17
6510.075659458826,1.765649e-15,3.7895681e-17
6511.5379182607285,1.7995586e-15,3.805365e-17
6513.00017706263,1.7746704e-15,3.7839778e-17
6514.462435864533,1.7463082e-15,3.7847584000000004e-17
6515.924694666436,1.7694149e-15,3.8409771000000004e-17
6517.38695346834,1.780451e-15,3.8816379e-17
6518.849212270242,1.7173694e-15,3.8473659e-17
6520.311471072145,1.6613614e-15,3.7890768e-17
6521.773729874048,1.7291801e-15,3.7987683e-17
6523.2359886759505,1.7775317e-15,3.8124529e-17
6524.698247477852,1.7495043e-15,3.810579e-17
6526.160506279755,1.769658e-15,3.8338103e-17
6527.622765081658,1.7678379e-15,3.8228452e-17
6529.085023883561,1.7322979e-15,3.7993989000000004e-17
6530.547282685464,1.7797219e-15,3.8364935e-17
6532.009541487367,1.8260122e-15,3.8729256e-17
6533.47180028927,1.8220077e-15,3.880936e-17
6534.934059091172,1.8633501e-15,3.8957812e-17
6536.396317893074,1.8364045e-15,3.8537309e-17
6537.858576694977,1.7765989e-15,3.8224359e-17
6539.32083549688,1.8271223e-15,3.8909115e-17
6540.783094298783,1.8549056e-15,3.9394422e-17
6542.245353100686,1.8119138e-15,3.9185725e-17
6543.707611902589,1.8137694e-15,3.9029466e-17
6545.169870704491,1.8390129e-15,3.9101796e-17
6546.6321295063935,1.8190831e-15,3.9016604000000004e-17
6548.094388308296,1.8211721e-15,3.8865634e-17
6549.556647110198,1.782609e-15,3.8510793e-17
6551.018905912102,1.775661e-15,3.8528331e-17
6552.481164714005,1.8160018e-15,3.8648721e-17
6553.943423515908,1.8289574e-15,3.8640524e-17
6555.40568231781,1.8584934e-15,3.8852455e-17
6556.867941119713,1.8933452e-15,3.9087284e-17
6558.3301999216155,1.8635443e-15,3.8875431e-17
6559.792458723518,1.8399669e-15,3.9017546e-17
6561.25471752542,1.7807614e-15,3.9142113e-17
6562.716976327324,1.7228177e-15,3.8980299e-17
6564.179235129227,1.7278983e-15,3.9106815e-17
6565.641493931129,1.7083757e-15,3.8919457e-17
6567.103752733032,1.7526041e-15,3.894004e-17
6568.566011534935,1.8242631e-15,3.9136889e-17
6570.0282703368375,1.7771192e-15,3.8738207e-17
6571.4905291387395,1.7674026e-15,3.8306034e-17
6572.952787940643,1.7945388e-15,3.8293481e-17
6574.415046742546,1.7968718e-15,3.8275635e-17
6575.877305544448,1.7663518e-15,3.8021148e-17
6577.339564346351,1.786167e-15,3.8129644e-17
6578.801823148254,1.8038147e-15,3.8301378000000003e-17
6580.264081950157,1.7837794e-15,3.8234060000000003e-17
6581.726340752059,1.7722713e-15,3.8246411e-17
6583.1885995539615,1.7770508e-15,3.8531813e-17
6584.650858355865,1.746478e-15,3.825255e-17
6586.113117157767,1.7014216e-15,3.781824e-17
6587.57537595967,1.671768e-15,3.7458581e-17
6589.037634761573,1.6526643e-15,3.7073940000000003e-17
6590.499893563476,1.6459266e-15,3.7149616e-17
6591.962152365378,1.6935685e-15,3.7530461e-17
6593.424411167281,1.6301382e-15,3.6917775e-17
6594.886669969184,1.6681233e-15,3.7029075e-17
6596.348928771087,1.7298683e-15,3.739988e-17
6597.811187572989,1.6928293e-15,3.7319215e-17
6599.273446374892,1.6904415e-15,3.7484733e-17
6600.735705176795,1.688182e-15,3.7262373e-17
6602.197963978697,1.6414154e-15,3.6735512000000003e-17
6603.6602227806,1.6508538e-15,3.6801428e-17
6605.122481582503,1.6196935e-15,3.6490095000000004e-17
6606.584740384406,1.6378457e-15,3.6516202e-17
6608.046999186308,1.6513859e-15,3.6592101e-17
6609.509257988211,1.6411791e-15,3.6514473e-17
6610.971516790114,1.5772916e-15,3.6049547e-17
6612.433775592016,1.6049048e-15,3.6181806e-17
6613.896034393919,1.6547477e-15,3.6435461e-17
6615.358293195822,1.5450321e-15,3.5686659e-17
6616.820551997725,1.5461884e-15,3.5788731e-17
6618.282810799627,1.5625963e-15,3.5553952e-17
6619.74506960153,1.5126951e-15,3.5203331e-17
6621.207328403433,1.4826724e-15,3.5103618e-17
6622.669587205335,1.51425e-15,3.5319e-17
6624.131846007238,1.5246342e-15,3.5331675e-17
6625.594104809141,1.5255435e-15,3.531828e-17
6627.056363611044,1.4688989e-15,3.4982995e-17
6628.518622412947,1.4246058e-15,3.4525313e-17
6629.980881214849,1.4362403e-15,3.4551574e-17
6631.443140016752,1.4292607e-15,3.4345708e-17
6632.905398818655,1.4130426e-15,3.4206589e-17
6634.367657620557,1.3820864e-15,3.4037595e-17
6635.82991642246,1.4263445e-15,3.4202202e-17
6637.292175224363,1.4550585e-15,3.4416531000000004e-17
6638.754434026265,1.454306e-15,3.4690358000000003e-17
6640.216692828169,1.420333e-15,3.3696565e-17
6641.678951630071,1.3679216e-15,3.3886391e-17
6643.141210431974,1.4682539e-15,4.90317e-17
6644.603469233876,1.4925389e-15,4.9305419e-17
6646.065728035779,1.459176e-15,3.8249171e-17
6647.527986837682,1.3638308e-15,3.3005989e-17
6648.990245639584,1.3877441e-15,3.3523037e-17
6650.452504441487,1.4124464e-15,3.3813613e-17
6651.914763243391,1.3246042e-15,3.3116426e-17
6653.377022045293,1.2899863e-15,3.2709992000000003e-17
6654.839280847195,1.3163575e-15,3.2821167e-17
6656.301539649098,1.3608184e-15,3.3182253e-17
6657.763798451001,1.3018058e-15,3.2632397e-17
6659.226057252903,1.2514955e-15,3.2296625e-17
6660.688316054806,1.2203367e-15,3.2302427e-17
6662.15057485671,1.1851211e-15,3.1948685e-17
6663.6128336586125,1.2067026e-15,3.2147582e-17
6665.0750924605145,1.2161752e-15,3.2125312e-17
6666.537351262417,1.2552891e-15,3.223051e-17
6667.99961006432,1.2020121e-15,3.2019596e-17
6669.461868866223,1.1956727e-15,3.1995003e-17
6670.924127668125,1.1652795e-15,3.1915011e-17
6672.386386470028,1.1316406e-15,3.1787666000000003e-17
6673.848645271932,1.1952452e-15,3.2178381e-17
6675.310904073834,1.1855205e-15,3.1905807e-17
6676.7731628757365,1.0422859e-15,3.0617192e-17
6678.235421677639,1.0983179e-15,3.0890809e-17
6679.697680479542,1.1230646e-15,3.1191988e-17
6681.159939281444,1.1150024e-15,3.1095565e-17
6682.622198083347,1.0944231e-15,3.0765415e-17
6684.08445688525,1.1351668e-15,3.1226042e-17
6685.546715687153,1.1073627e-15,3.0940193e-17
6687.008974489056,1.0611783e-15,3.0301336e-17
6688.4712332909585,1.0727309e-15,3.0412757e-17
6689.933492092861,1.025732e-15,3.0041962e-17
6691.395750894763,9.8385333e-16,2.9680647e-17
6692.858009696666,1.0225167e-15,3.0022145e-17
6694.320268498569,1.0330441e-15,3.0242354e-17
6695.782527300472,9.663931200000001e-16,2.9617101e-17
6697.244786102375,9.014491e-16,2.9012701e-17
6698.707044904278,9.202366100000002e-16,2.924226e-17
6700.1693037061805,8.861667200000001e-16,2.8969045e-17
6701.631562508082,9.1470961e-16,2.89933e-17
6703.093821309985,9.467713900000001e-16,2.945939e-17
6704.556080111888,9.1060521e-16,2.9194699e-17
6706.018338913791,9.1832813e-16,2.8973848e-17
6707.480597715694,8.818185300000001e-16,2.8633308e-17
6708.942856517597,8.489994900000001e-16,2.8492734e-17
6710.4051153195,8.574038100000001e-16,2.8743399e-17
6711.867374121402,8.882647100000001e-16,2.8925319e-17
6713.329632923304,9.0762947e-16,2.8932647e-17
6714.791891725207,8.8860024e-16,2.8701915000000003e-17
6716.25415052711,9.1283894e-16,2.8999925e-17
6717.716409329013,9.150096700000001e-16,2.9134818000000004e-17
6719.178668130916,8.9762951e-16,2.8881857e-17
6720.640926932819,8.808456600000001e-16,2.8803731e-17
6722.103185734721,7.9776575e-16,2.8160464e-17
6723.5654445366235,8.155342800000001e-16,2.8021965e-17
6725.027703338526,8.554388000000001e-16,2.8153001e-17
6726.489962140429,8.445196900000001e-16,2.8068653e-17
6727.952220942331,8.458112100000001e-16,2.8195231e-17
6729.414479744235,7.4660449e-16,2.7409145e-17
6730.876738546138,7.8204583e-16,2.7612262e-17
6732.33899734804,8.747313000000001e-16,2.8381044e-17
6733.801256149943,7.735086900000001e-16,2.7655932e-17
6735.2635149518455,7.203925200000001e-16,2.7101785e-17
6736.725773753748,7.7757381e-16,2.7478632e-17
6738.18803255565,7.8803038e-16,2.7481096e-17
6739.650291357553,7.930859500000001e-16,2.7420178e-17
6741.112550159457,7.979559100000001e-16,2.7575602000000002e-17
6742.57480896136,7.108686400000001e-16,2.6866887000000002e-17
6744.037067763262,6.8707178e-16,2.6604869e-17
6745.499326565165,7.501767400000001e-16,2.7242455000000002e-17
6746.9615853670675,7.545262e-16,2.7223571e-17
6748.4238441689695,6.954417900000001e-16,2.65274e-17
6749.886102970872,6.689511000000001e-16,2.6366796e-17
6751.348361772776,6.9442223e-16,2.6557102e-17
6752.810620574679,7.293446500000001e-16,2.6790125e-17
6754.272879376581,7.143142100000001e-16,2.6724587e-17
6755.735138178484,6.898864200000001e-16,2.6595727000000002e-17
6757.197396980387,6.7298673e-16,2.6398825e-17
6758.659655782289,6.7259122e-16,2.6357238e-17
6760.1219145841915,6.701442500000001e-16,2.632476e-17
6761.584173386094,7.024768800000001e-16,2.6598888e-17
6763.046432187998,7.004654400000001e-16,2.6471842e-17
6764.5086909899,6.654490400000001e-16,2.6040858e-17
6765.970949791803,6.825895500000001e-16,2.6331224e-17
6767.433208593706,6.8689962e-16,2.6364341e-17
6768.895467395608,6.7249694e-16,2.6367888e-17
6770.357726197511,6.2612633e-16,2.6082019000000002e-17
6771.8199849994135,6.2556787e-16,2.5860974000000002e-17
6773.282243801316,6.411783700000001e-16,2.5967733000000002e-17
6774.744502603219,6.3908879e-16,2.597994e-17
6776.206761405122,6.335918100000001e-16,2.5921845e-17
6777.669020207025,6.5085334e-16,2.5998479000000002e-17
6779.131279008928,6.6309688e-16,2.5980062e-17
6780.59353781083,6.546376200000001e-16,2.6043406e-17
6782.055796612733,7.148356700000001e-16,2.6682682e-17
6783.5180554146355,7.0723349e-16,2.6590083e-17
6784.980314216538,6.352333100000001e-16,2.6047522e-17
6786.442573018441,6.3273647e-16,2.6099261e-17
6787.904831820344,6.754183e-16,2.654578e-17
6789.367090622247,6.474561000000001e-16,2.6775996000000002e-17
6790.829349424149,6.521187000000001e-16,2.7561029e-17
6792.291608226052,6.854585000000001e-16,2.840869e-17
6793.753867027955,6.1925356e-16,2.8380459e-17
6795.2161258298565,6.131836100000001e-16,2.8496867e-17
6796.67838463176,6.6652991e-16,2.8681731e-17
6798.140643433663,6.5517951e-16,2.8217568000000003e-17
6799.602902235566,6.314030800000001e-16,2.7704699e-17
6801.065161037468,6.5088394e-16,2.7433755e-17
6802.527419839371,6.1979513e-16,2.6581384e-17
6803.989678641274,6.0274653e-16,2.6105607000000002e-17
6805.451937443176,6.389877900000001e-16,2.6403543000000002e-17
6806.914196245079,6.4283649000000005e-16,2.6532942e-17
6808.376455046982,5.955769200000001e-16,2.6094868e-17
6809.838713848885,5.7581967e-16,2.56416e-17
6811.300972650787,6.335889e-16,2.6016838000000002e-17
6812.76323145269,6.432776900000001e-16,2.6002022e-17
6814.225490254593,5.8554435000000005e-16,2.566241e-17
6815.687749056496,5.9477584e-16,2.5836071e-17
6817.150007858398,6.261907600000001e-16,2.5861654e-17
6818.612266660301,6.5206301e-16,2.586141e-17
6820.074525462204,6.761038200000001e-16,2.6233807e-17
6821.536784264106,6.905912e-16,2.6429229e-17
6822.999043066009,6.861429e-16,2.6961667e-17
6824.461301867912,6.8802967e-16,2.830913e-17
6825.923560669815,6.589772900000001e-16,2.9642028e-17
6827.385819471717,6.200313500000001e-16,3.0467744000000003e-17
6828.84807827362,6.518562800000001e-16,3.1538759000000004e-17
6830.310337075523,6.676429600000001e-16,3.2508579e-17
6831.772595877425,6.998938e-16,3.2501745e-17
6833.234854679328,7.130333900000001e-16,3.1824063e-17
6834.697113481231,6.407611500000001e-16,3.053117e-17
6836.159372283134,5.7685982e-16,2.8946536000000003e-17
6837.621631085036,6.181047700000001e-16,2.8500815e-17
6839.083889886939,7.0111178e-16,2.939145e-17
6840.546148688843,7.040536800000001e-16,2.9212264e-17
6842.0084074907445,6.5523758e-16,2.8247141e-17
6843.470666292647,6.806618600000001e-16,2.8124494e-17
6844.93292509455,6.6781862e-16,2.7718357e-17
6846.395183896453,6.6047738e-16,2.8190293e-17
6847.857442698355,6.959834100000001e-16,2.8700648e-17
6849.319701500258,6.573828e-16,2.7809813e-17
6850.781960302161,6.014388100000001e-16,2.7427068e-17
6852.2442191040645,6.047474300000001e-16,2.8004897e-17
6853.7064779059665,6.396203600000001e-16,2.8968616e-17
6855.168736707869,6.5293238e-16,2.8897665e-17
6856.630995509772,6.0979681000000005e-16,2.7574937e-17
6858.093254311674,7.008712200000001e-16,2.7918196e-17
6859.555513113577,6.7755341e-16,2.823033e-17
6861.01777191548,6.2724823e-16,2.7975767e-17
6862.480030717383,6.2388741e-16,2.7904777e-17
6863.942289519286,6.910213900000001e-16,2.8683503e-17
6865.4045483211885,7.441126200000001e-16,2.9033493e-17
6866.866807123091,6.180569100000001e-16,2.7348112e-17
6868.329065924993,6.6616897e-16,2.7758839e-17
6869.791324726896,6.351161000000001e-16,2.7188148e-17
6871.253583528799,5.7637876e-16,2.6689019000000002e-17
6872.715842330702,6.5253962e-16,2.7709167e-17
6874.178101132605,7.355384200000001e-16,2.828877e-17
6875.640359934508,7.472963000000001e-16,2.8802281e-17
6877.1026187364105,6.510232200000001e-16,2.8161774e-17
6878.564877538312,6.826328500000001e-16,2.7980215e-17
6880.027136340215,6.976554e-16,2.7625706e-17
6881.489395142118,7.0664359e-16,2.7754245e-17
6882.951653944021,6.4730787e-16,2.7671693e-17
6884.413912745923,6.404346800000001e-16,2.8539136e-17
6885.876171547827,6.7759121e-16,2.9185025e-17
6887.33843034973,7.3378946e-16,2.8974105e-17
6888.8006891516325,7.727620300000001e-16,2.8599669e-17
6890.262947953534,6.559152600000001e-16,2.7345745000000002e-17
6891.725206755437,6.141918500000001e-16,2.675295e-17
6893.18746555734,6.5270776e-16,2.710578e-17
6894.649724359242,6.9374206e-16,2.774382e-17
6896.111983161145,6.7774669e-16,2.7332949e-17
6897.574241963049,7.026725400000001e-16,2.705639e-17
6899.036500764952,6.721227100000001e-16,2.7428773e-17
6900.498759566854,6.8013088e-16,2.8361115e-17
6901.961018368756,6.565845800000001e-16,2.8732979e-17
6903.423277170659,6.402282600000001e-16,2.8180221e-17
6904.885535972561,6.267805600000001e-16,2.7152951e-17
6906.347794774464,6.843099800000001e-16,2.7236798e-17
6907.810053576368,7.3622516e-16,2.7834435000000003e-17
6909.272312378271,7.249576600000001e-16,2.8667455e-17
6910.734571180173,7.247987900000001e-16,2.9090592e-17
6912.1968299820755,6.920109400000001e-16,2.8677003e-17
6913.659088783978,6.8175024e-16,2.9206527000000003e-17
6915.12134758588,6.4211572000000005e-16,2.8530492e-17
6916.583606387783,6.834261000000001e-16,2.7973992e-17
6918.045865189686,6.8391859e-16,2.7762889e-17
6919.50812399159,6.890371600000001e-16,2.7553325e-17
6920.970382793492,6.675122600000001e-16,2.7596014e-17
6922.432641595395,7.0182778e-16,2.7981961e-17
6923.8949003972975,6.735082400000001e-16,2.7223311e-17
6925.3571591992,6.808029400000001e-16,2.7334796e-17
6926.819418001102,6.3985658e-16,2.7423467e-17
6928.281676803005,6.217064100000001e-16,2.6944237e-17
6929.743935604909,6.729332700000001e-16,2.7196254e-17
6931.206194406811,6.807932000000001e-16,2.7476045000000002e-17
6932.668453208714,6.406980000000001e-16,2.7250227e-17
6934.130712010617,6.928423500000001e-16,2.7518009e-17
6935.5929708125195,7.3670823e-16,2.78923e-17
6937.0552296144215,7.160018700000001e-16,2.7827127e-17
6938.517488416324,6.4965039e-16,2.7578486e-17
6939.979747218227,6.5557264e-16,2.7889221e-17
6941.44200602013,6.611746e-16,2.7897555e-17
6942.904264822033,6.9936466e-16,2.8533642e-17
6944.366523623936,6.990493e-16,2.7867382e-17
6945.828782425839,6.357095e-16,2.6454577e-17
6947.291041227741,6.343860100000001e-16,2.6131327e-17
6948.7533000296435,6.777283200000001e-16,2.6699500000000002e-17
6950.215558831546,7.272234200000001e-16,2.7418867e-17
6951.677817633448,6.8645387e-16,2.7086997e-17
6953.140076435352,6.1887711e-16,2.6258183000000002e-17
6954.602335237255,6.5376862e-16,2.6666814e-17
6956.064594039158,5.9962468e-16,2.6269728e-17
6957.52685284106,6.182427800000001e-16,2.6161842e-17
6958.989111642963,6.349802600000001e-16,2.6232865000000002e-17
6960.4513704448655,6.443321900000001e-16,2.6559184e-17
6961.913629246768,6.825495300000001e-16,2.6841132e-17
6963.375888048671,7.128212600000001e-16,2.7034315e-17
6964.838146850574,7.3192133e-16,2.6894890000000002e-17
6966.300405652477,6.718779700000001e-16,2.6436507e-17
6967.762664454379,6.3994641e-16,2.630811e-17
6969.224923256282,6.403236600000001e-16,2.611214e-17
6970.687182058185,6.686599800000001e-16,2.6341787e-17
6972.149440860087,6.851643200000001e-16,2.6779791e-17
6973.611699661989,6.8490237e-16,2.7388414e-17
6975.073958463893,6.5420939e-16,2.6855858e-17
6976.536217265796,6.747730700000001e-16,2.677758e-17
6977.998476067698,6.9107534e-16,2.688195e-17
6979.460734869601,6.3917413e-16,2.6171489e-17
6980.922993671504,6.963790800000001e-16,2.6710069e-17
6982.385252473407,6.985233000000001e-16,2.6660454000000002e-17
6983.8475112753085,6.7021593e-16,2.6365297e-17
6985.309770077211,6.6085897e-16,2.6546783000000002e-17
6986.772028879115,6.4477916000000005e-16,2.6427204000000002e-17
6988.234287681017,6.193166600000001e-16,2.5778146e-17
6989.69654648292,6.008753800000001e-16,2.5464506e-17
6991.158805284823,5.8755351e-16,2.5296945e-17
6992.621064086726,6.211795000000001e-16,2.5899372e-17
6994.083322888628,6.842833e-16,2.6665579e-17
6995.5455816905305,6.506681e-16,2.6516507e-17
6997.007840492434,6.7119245e-16,2.6905196e-17
6998.470099294337,6.606770200000001e-16,2.6371392e-17
6999.932358096239,6.5155982e-16,2.6298775e-17
7001.394616898142,6.247629800000001e-16,2.6561198e-17
7002.856875700045,6.219631100000001e-16,2.6450295e-17
7004.319134501947,6.352480800000001e-16,2.6255771000000002e-17
7005.78139330385,6.6932755e-16,2.6464527e-17
7007.2436521057525,7.083694700000001e-16,2.6945401e-17
7008.705910907656,6.8069871e-16,2.7385883e-17
7010.168169709558,6.5215391e-16,2.7197306e-17
7011.630428511461,6.812379500000001e-16,2.7260601e-17
7013.092687313364,6.5399864e-16,2.6734134e-17
7014.554946115266,6.7648911e-16,2.6684724000000002e-17
7016.017204917169,6.9871303e-16,2.6931481e-17
7017.479463719072,6.493861700000001e-16,2.6386178e-17
7018.9417225209745,6.4357918e-16,2.653092e-17
7020.403981322877,6.363845900000001e-16,2.6560453e-17
7021.86624012478,6.103056100000001e-16,2.6074599e-17
7023.328498926683,6.354384e-16,2.5902841e-17
7024.790757728585,7.1735104e-16,2.6944901e-17
7026.253016530488,6.6190019e-16,2.6745905e-17
7027.715275332391,6.2349529e-16,2.6205395000000002e-17
7029.177534134294,6.654736600000001e-16,2.6543167e-17
7030.6397929361965,6.4546346e-16,2.6512905e-17
7032.102051738099,6.445029800000001e-16,2.6778316e-17
7033.564310540002,7.0951132e-16,2.712104e-17
7035.026569341905,6.955151100000001e-16,2.6638757e-17
7036.488828143807,6.717120000000001e-16,2.6655198e-17
7037.95108694571,6.718295800000001e-16,2.6775934e-17
7039.413345747613,6.702055e-16,2.6542939000000002e-17
7040.875604549515,6.629853400000001e-16,2.6438021e-17
7042.3378633514185,6.500335700000001e-16,2.6547226e-17
7043.800122153321,6.3703585000000005e-16,2.6611286e-17
7045.262380955224,5.8704688e-16,2.6219051e-17
7046.724639757126,6.2442967e-16,2.6552152e-17
7048.186898559029,6.7484163e-16,2.6757394e-17
7049.649157360932,6.1260064e-16,2.6264649e-17
7051.111416162834,6.004770100000001e-16,2.6329408e-17
7052.573674964738,6.536133400000001e-16,2.6631379e-17
7054.0359337666405,6.6807823e-16,2.6757444e-17
7055.498192568543,6.9383407e-16,2.699698e-17
7056.960451370445,6.620515400000001e-16,2.6470047000000002e-17
7058.422710172348,6.289176800000001e-16,2.6424301e-17
7059.884968974251,6.103342e-16,2.6332965e-17
7061.347227776153,6.1949269e-16,2.6025967e-17
7062.809486578056,6.714595300000001e-16,2.6215815e-17
7064.27174537996,6.380220100000001e-16,2.6161125e-17
7065.7340041818625,6.323212700000001e-16,2.6258423e-17
7067.196262983764,6.737180900000001e-16,2.6411408e-17
7068.658521785667,6.665021700000001e-16,2.6645082e-17
7070.12078058757,6.2681645e-16,2.6194507e-17
7071.583039389473,6.8177486e-16,2.6381795e-17
7073.045298191375,7.428459900000001e-16,2.7215168e-17
7074.507556993278,7.0143836e-16,2.6933431e-17
7075.969815795182,6.788842e-16,2.6483175e-17
7077.432074597084,6.7243516e-16,2.671671e-17
7078.894333398986,6.876694700000001e-16,2.6892981000000002e-17
7080.356592200889,6.570692900000001e-16,2.6312637000000002e-17
7081.818851002792,6.146887400000001e-16,2.5908108e-17
7083.281109804694,6.437826800000001e-16,2.6328023e-17
7084.743368606597,6.7507509e-16,2.6883533e-17
7086.205627408501,6.903653100000001e-16,2.6972277e-17
7087.667886210403,6.455457800000001e-16,2.6395634e-17
7089.130145012306,6.454597500000001e-16,2.6320429e-17
7090.592403814208,6.973981200000001e-16,2.6765351000000002e-17
7092.054662616111,6.5645228e-16,2.654795e-17
7093.516921418013,6.601576300000001e-16,2.6637904e-17
7094.979180219916,6.7202101e-16,2.6621043e-17
7096.441439021819,6.524225700000001e-16,2.6432775e-17
7097.903697823722,7.0466148e-16,2.6811208e-17
7099.365956625625,7.315075500000001e-16,2.6977861e-17
7100.8282154275275,7.268199100000001e-16,2.6944108e-17
7102.29047422943,7.137901600000001e-16,2.6870781000000002e-17
7103.752733031332,7.150438300000001e-16,2.7044564e-17
7105.214991833235,7.200983900000001e-16,2.7114419e-17
7106.677250635138,7.5001273e-16,2.7330965e-17
7108.139509437041,7.3797544e-16,2.7504256e-17
7109.601768238944,6.428051500000001e-16,2.6861721e-17
7111.064027040847,6.3465024e-16,2.6689404e-17
7112.5262858427495,6.569592300000001e-16,2.6522051e-17
7113.9885446446515,7.0502613e-16,2.6770921e-17
7115.450803446554,7.233901700000001e-16,2.7029607e-17
7116.913062248457,6.680697100000001e-16,2.6617808e-17
7118.37532105036,6.828381e-16,2.6682041e-17
7119.837579852263,6.815249300000001e-16,2.6865958e-17
7121.299838654166,6.880446500000001e-16,2.7038755e-17
7122.762097456069,7.122212e-16,2.7143288e-17
7124.224356257971,6.916512600000001e-16,2.6824093e-17
7125.6866150598735,7.453632100000001e-16,2.7491897e-17
7127.148873861776,7.462584200000001e-16,2.7179723e-17
7128.611132663679,7.192486000000001e-16,2.7058939e-17
7130.073391465581,7.599108400000001e-16,2.816008e-17
7131.535650267485,7.1231882e-16,2.807523e-17
7132.997909069388,6.654277100000001e-16,2.7585174e-17
7134.46016787129,6.5428726e-16,2.7514437e-17
7135.922426673193,7.070744100000001e-16,2.8298489e-17
7137.3846854750955,7.308393500000001e-16,2.7901858e-17
7138.846944276998,6.9066452e-16,2.6922839e-17
7140.3092030789,6.888672300000001e-16,2.679183e-17
7141.771461880803,7.2739193e-16,2.7252705e-17
7143.233720682707,7.689529700000001e-16,2.7846944e-17
7144.69597948461,7.6401848e-16,2.8361339e-17
7146.158238286512,7.803963400000001e-16,2.8870626e-17
7147.620497088415,8.063283e-16,2.9125734e-17
7149.0827558903175,7.980234100000001e-16,2.8972149e-17
7150.545014692219,7.6364324e-16,2.8511518e-17
7152.007273494122,7.480496800000001e-16,2.8016608e-17
7153.469532296026,7.1055905e-16,2.775831e-17
7154.931791097929,7.843440900000001e-16,2.8754953e-17
7156.394049899831,7.9511708e-16,2.8755584e-17
7157.856308701734,7.7446462e-16,2.8417523e-17
7159.318567503637,7.520864300000001e-16,2.7882495000000003e-17
7160.7808263055385,8.053924900000001e-16,2.8355507e-17
7162.243085107441,8.097587900000001e-16,2.8414536e-17
7163.705343909344,7.623233e-16,2.8193296e-17
7165.167602711248,8.384806100000001e-16,2.8482453e-17
7166.62986151315,7.937914200000001e-16,2.7529452e-17
7168.092120315053,7.433678700000001e-16,2.7453966e-17
7169.554379116956,7.393724100000001e-16,2.7556471e-17
7171.016637918858,8.3608616e-16,2.8026961e-17
7172.4788967207605,8.159857000000001e-16,2.7923551e-17
7173.941155522663,8.184489700000001e-16,2.8088883e-17
7175.403414324567,8.168694200000001e-16,2.8145105e-17
7176.865673126469,8.631052900000001e-16,2.8291611e-17
7178.327931928372,8.5689585e-16,2.8349804e-17
7179.790190730275,8.8462787e-16,2.8831583e-17
7181.252449532178,8.8893344e-16,2.9071385e-17
7182.71470833408,8.069682400000001e-16,2.8528672e-17
7184.1769671359825,8.478848000000001e-16,2.8761339e-17
7185.639225937885,8.669130800000001e-16,2.9075476e-17
7187.101484739788,8.0664599e-16,2.8180219e-17
7188.563743541691,9.131365600000001e-16,2.8912695e-17
7190.026002343594,9.8667607e-16,2.9432233e-17
7191.488261145497,8.738792300000001e-16,2.8679519e-17
7192.950519947399,9.198106500000001e-16,2.9661287e-17
7194.412778749302,9.375155500000001e-16,3.0340054e-17
7195.8750375512045,8.706581800000001e-16,2.994126e-17
7197.3372963531065,8.752142600000001e-16,3.0605442000000003e-17
7198.79955515501,9.6701781e-16,3.2567524e-17
7200.261813956913,1.013963e-15,3.4151279e-17
7201.724072758816,9.8728032e-16,3.507049e-17
7203.186331560718,9.163515800000001e-16,3.5548379e-17
7204.648590362621,9.4395459e-16,3.6659649e-17
7206.110849164524,8.687678100000001e-16,3.5843165000000004e-17
7207.573107966426,9.129464e-16,3.5067573e-17
7209.035366768329,9.3711183e-16,3.4173437e-17
7210.497625570232,9.1004468e-16,3.2344449e-17
7211.959884372135,9.735582800000001e-16,3.1762261e-17
7213.422143174037,9.5518794e-16,3.1709313e-17
7214.88440197594,9.937735700000001e-16,3.2057821e-17
7216.346660777843,9.4230266e-16,3.1554845e-17
7217.808919579746,9.699807300000001e-16,3.1312814e-17
7219.271178381648,9.3624066e-16,3.0257767e-17
7220.733437183551,9.7654926e-16,3.0015274e-17
7222.195695985454,9.910457e-16,3.039308e-17
7223.657954787356,9.468986600000001e-16,3.0476261e-17
7225.120213589259,9.7854053e-16,3.0857219e-17
7226.582472391162,1.0079308e-15,3.0600949e-17
7228.044731193065,9.7246434e-16,2.9935394e-17
7229.506989994967,1.0287673e-15,3.1013571e-17
7230.96924879687,1.0236875e-15,3.1034194e-17
7232.431507598773,1.065783e-15,3.1189671e-17
7233.893766400675,1.0752706e-15,3.2958352e-17
7235.356025202578,1.0285712e-15,3.5614767e-17
7236.818284004481,1.0550545e-15,3.7096778e-17
7238.280542806384,1.0542907e-15,3.7374301e-17
7239.742801608286,1.0079764e-15,3.7032681e-17
7241.205060410189,1.0213384e-15,3.4898422e-17
7242.6673192120925,1.0762016e-15,3.3395147e-17
7244.129578013994,1.070447e-15,3.395821e-17
7245.591836815897,1.1671864e-15,3.5049664e-17
7247.0540956178,1.0413148e-15,3.3523049e-17
7248.516354419703,9.6859086e-16,3.2493962e-17
7249.978613221605,1.0520207e-15,3.2026434e-17
7251.440872023508,1.0853523e-15,3.1925476e-17
7252.903130825411,1.0607172e-15,3.1414211e-17
7254.3653896273145,1.0356021e-15,3.1321345e-17
7255.827648429216,1.0625659e-15,3.1752557e-17
7257.289907231119,1.1149783e-15,3.1947866000000004e-17
7258.752166033022,1.1223979e-15,3.2466494e-17
7260.214424834924,1.1110574e-15,3.2022574e-17
7261.676683636827,1.189374e-15,3.2982805e-17
7263.13894243873,1.1209548e-15,3.2957433e-17
7264.601201240633,1.0737514e-15,3.2554528e-17
7266.063460042536,1.1373733e-15,3.3215137000000003e-17
7267.525718844438,1.1093132e-15,3.2983506e-17
7268.987977646341,1.1491981e-15,3.2768856e-17
7270.450236448243,1.1281485e-15,3.1927204e-17
7271.912495250146,1.1056683e-15,3.1467209e-17
7273.374754052049,1.0588295e-15,3.1697137e-17
7274.837012853952,1.1847569e-15,3.483807e-17
7276.299271655855,1.1125119e-15,3.6087331e-17
7277.7615304577575,1.0943305e-15,3.663704e-17
7279.22378925966,1.1975227e-15,3.6472996e-17
7280.686048061562,1.1083869e-15,3.4139091000000003e-17
7282.148306863465,1.0913489e-15,3.2221576e-17
7283.610565665368,1.1629517e-15,3.2469085e-17
7285.072824467271,1.1466396e-15,3.209599e-17
7286.535083269173,1.1272578e-15,3.2242695e-17
7287.997342071077,1.1148937e-15,3.2960333e-17
7289.4596008729795,1.0856088e-15,3.308031e-17
7290.921859674882,1.1404837e-15,3.3805324000000004e-17
7292.384118476784,1.1389914e-15,3.3477814e-17
7293.846377278687,1.1384818e-15,3.2560874e-17
7295.30863608059,1.1682649e-15,3.2253292e-17
7296.770894882492,1.0947406e-15,3.1842004e-17
7298.233153684396,1.1426193e-15,3.3427664e-17
7299.695412486299,1.123542e-15,3.5743417e-17
7301.1576712882015,1.1478462e-15,3.7017761e-17
7302.6199300901035,1.2216247e-15,3.7742585e-17
7304.082188892006,1.1284195e-15,3.6515333e-17
7305.544447693909,1.0768354e-15,3.3906454e-17
7307.006706495811,1.163667e-15,3.2772368000000003e-17
7308.468965297714,1.1591394e-15,3.2294567e-17
7309.931224099618,1.1712735e-15,3.212664e-17
7311.393482901521,1.1449546e-15,3.1816099000000003e-17
7312.855741703423,1.1114053e-15,3.1896601e-17
7314.3180005053255,1.1084669e-15,3.2078508e-17
7315.780259307228,1.0947319e-15,3.2417176e-17
7317.24251810913,1.1917364e-15,3.349145e-17
7318.704776911033,1.1933721e-15,3.3888729e-17
7320.167035712936,1.1875371e-15,3.470341e-17
7321.62929451484,1.127731e-15,3.3867781e-17
7323.091553316742,1.1603559e-15,3.2862082e-17
7324.553812118645,1.1555113e-15,3.2541495e-17
7326.0160709205475,1.1323188e-15,3.3087098e-17
7327.47832972245,1.2211283e-15,3.5548425e-17
7328.940588524352,1.1796007e-15,3.5989471e-17
7330.402847326255,1.1240299e-15,3.5458302e-17
7331.865106128159,1.1468364e-15,3.5655395e-17
7333.327364930061,1.1980827e-15,3.5451600000000003e-17
7334.789623731964,1.1303305e-15,3.3321567e-17
7336.251882533867,1.1548879e-15,3.28763e-17
7337.714141335769,1.1402355e-15,3.2641491e-17
7339.176400137671,1.151712e-15,3.2199833e-17
7340.638658939574,1.1037495e-15,3.1903369e-17
7342.100917741477,1.1477023e-15,3.259596e-17
7343.56317654338,1.1433053e-15,3.2424592e-17
7345.025435345283,1.1286961e-15,3.238498e-17
7346.487694147186,1.1654183e-15,3.2282973e-17
7347.949952949089,1.3405493e-15,3.5343892e-17
7349.4122117509905,1.1896557e-15,4.0577384e-17
7350.874470552893,1.2173065e-15,3.4691514e-17
7352.336729354796,1.221208e-15,3.4105771e-17
7353.798988156698,1.1631646e-15,3.3820877e-17
7355.261246958602,1.1108044e-15,3.352004e-17
7356.723505760505,1.0997931e-15,3.3366427e-17
7358.185764562408,1.1089157e-15,3.2840645e-17
7359.64802336431,1.117968e-15,3.3513152000000003e-17
7361.1102821662125,1.1372832e-15,3.4193951e-17
7362.572540968115,1.1630491e-15,3.4511875e-17
7364.034799770018,1.1306438e-15,3.4701584e-17
7365.497058571921,1.0832218e-15,3.3372046e-17
7366.959317373824,1.0846337e-15,3.2370398e-17
